Idealized Inlet                        ! 30 CHARACTER ALPHANUMERIC RUN DESCRIPTI
Mesh 1                                 ! 20 CHARACTER ALPANUMERIC RUN IDENTIFICA
Idealized Inlet, Linear Bath w Ebb Shoal, Mesh 1                                
    1424     796                ! Total # elements & nodes
       2                        ! Number of processors
     425                        ! Max nodes on any processor
         748
       5                        ! NSTAE
       5                        ! NSTAV
       1                        ! MNHARF
       1       1                ! NWLON, NWLAT
       0     418     396  ! PE, NNODP(PE), NOD_RES_TOT(PE
               1       2       3       4       5       6       7       8       9
              10      11      12      13      14      15      16      17      18
              19      20      21      22      23      24      25      26      27
              28      29     115     116     117     118     119     120     121
             122     123     124     125     126     127     128     129     130
             131     132     133     134     135     136     137     138     139
             140     141     142     143     144     145     146     147     148
             149     150     151     152     153     154     226     227     228
             229     230     231     232     233     234     235     236     237
             238     239     240     241     242     243     244     245     246
             247     248     249     250     251     252     253     254     255
             256     257     258     259     260     261     262     321     322
             323     324     325     326     327     328     329     330     331
             332     333     334     335     336     337     338     339     340
             341     342     343     344     345     346     347     348     349
             350     351     352     353     354     355     356     393     394
             395     396     401     402     403     404     405     406     407
             408     409     410     411     412     413     414     415     416
             417     418     419     420     421     422     423     424     425
             426     427     428     429     430     431     432     433     464
             465     466     467     468     469     470     471     472     473
             474     475     476     477     478     479     480     481     482
             483     484     485     486     487     488     489     490     491
             492     493     494     495     496     497     498     499     500
             517     518     519     520     521     522     523     524     525
             526     527     528     529     530     531     532     533     534
             535     536     537     538     539     540     541     542     543
             544     545     546     547     548     549     550     551     552
             553     554     555     556     557     558     559     560     561
             562     563     564     565     566     567     568     569     570
             571     572     573     574     575     576     577     578     579
             580     581     582     583     584     585     586     587     588
             589     590     591     592     593     594     595     596     597
             598     599     600     601     602     603     604     605     606
             607     608     609     610     611     612     613     614     615
             616     617     618     619     620     621     622     623     624
             625     626     627     628     629     630     631     632     633
             634     635     636     637     638     639     640     641     642
             643     644     645     646     647     648     649     650     651
             652     653     654     655     656     657     658     659     660
             661     662     663     664     665     666     667     668     669
             670     671     672     673     674     675     676     677     678
             679     680     681     682     683     684     685     686     687
             688     689     690     691     692     693     694     695     696
             697     698     711     712     713     714     715     716     717
             729     730     731     732     788     789     790     791     792
             793     794     795     796
       1     425     400  ! PE, NNODP(PE), NOD_RES_TOT(PE
              29      30      31      32      33      34      35      36      37
              38      39      40      41      42      43      44      45      46
              47      48      49      50      51      52      53      54      55
              56      57      58      59      60      61      62      63      64
              65      66      67      68      69      70      71      72      73
              74      75      76      77      78      79      80      81      82
              83      84      85      86      87      88      89      90      91
              92      93      94      95      96      97      98      99     100
             101     102     103     104     105     106     107     108     109
             110     111     112     113     114     115     116     154     155
             156     157     158     159     160     161     162     163     164
             165     166     167     168     169     170     171     172     173
             174     175     176     177     178     179     180     181     182
             183     184     185     186     187     188     189     190     191
             192     193     194     195     196     197     198     199     200
             201     202     203     204     205     206     207     208     209
             210     211     212     213     214     215     216     217     218
             219     220     221     222     223     224     225     226     227
             262     263     264     265     266     267     268     269     270
             271     272     273     274     275     276     277     278     279
             280     281     282     283     284     285     286     287     288
             289     290     291     292     293     294     295     296     297
             298     299     300     301     302     303     304     305     306
             307     308     309     310     311     312     313     314     315
             316     317     318     319     320     321     322     354     355
             356     357     358     359     360     361     362     363     364
             365     366     367     368     369     370     371     372     373
             374     375     376     377     378     379     380     381     382
             383     384     385     386     387     388     389     390     391
             392     393     394     395     396     397     398     399     400
             401     402     434     435     436     437     438     439     440
             441     442     443     444     445     446     447     448     449
             450     451     452     453     454     455     456     457     458
             459     460     461     462     463     467     468     469     470
             501     502     503     504     505     506     507     508     509
             510     511     512     513     514     515     516     521     680
             681     682     683     684     685     686     687     688     689
             690     691     695     699     700     701     702     703     704
             705     706     707     708     709     710     711     712     713
             714     718     719     720     721     722     723     724     725
             726     727     728     729     730     731     733     734     735
             736     737     738     739     740     741     742     743     744
             745     746     747     748     749     750     751     752     753
             754     755     756     757     758     759     760     761     762
             763     764     765     766     767     768     769     770     771
             772     773     774     775     776     777     778     779     780
             781     782     783     784     785     786     787     788     789
             790     792
       0     748  ! PE, NELP(PE)
               1       2       3       4       5       6       7       8       9
              10      11      12      13      14      15      16      17      18
              19      20      21      22      23      24      25      26      27
              28      29      30      31      32      33      34      35      36
              37      38      39      40      41      42      43      44      45
              46      47      48      49      50      51      52      53     218
             219     220     221     222     223     224     225     226     227
             228     229     230     231     232     233     234     235     236
             237     238     239     240     241     242     243     244     245
             246     247     248     249     250     251     252     253     254
             255     256     257     258     259     260     261     262     263
             264     265     266     267     268     269     270     271     272
             273     274     275     276     277     278     279     280     281
             282     283     284     285     286     287     288     289     290
             417     418     419     420     421     422     423     424     425
             426     427     428     429     430     431     432     433     434
             435     436     437     438     439     440     441     442     443
             444     445     446     447     448     449     450     451     452
             453     454     455     456     457     458     459     460     461
             462     463     464     465     466     467     468     469     470
             471     472     473     474     475     476     477     478     479
             480     481     482     483     484     590     591     592     593
             594     595     596     597     598     599     600     601     602
             603     604     605     606     607     608     609     610     611
             612     613     614     615     616     617     618     619     620
             621     622     623     624     625     626     627     628     629
             630     631     632     633     634     635     636     637     638
             639     640     641     642     643     644     645     646     647
             648     649     650     651     652     653     654     655     722
             723     724     725     726     727     728     729     736     737
             738     739     740     741     742     743     744     745     746
             747     748     749     750     751     752     753     754     755
             756     757     758     759     760     761     762     763     764
             765     766     767     768     769     770     771     772     773
             774     775     776     777     778     779     780     781     782
             783     784     785     786     787     788     789     790     791
             792     793     794     795     796     797     848     849     850
             851     852     853     854     855     856     857     858     859
             860     861     862     863     864     865     866     867     868
             869     870     871     872     873     874     875     876     877
             878     879     880     881     882     883     884     885     886
             887     888     889     890     891     892     893     894     895
             896     897     898     899     900     901     902     903     904
             905     906     907     908     909     910     911     912     913
             914     915     926     927     928     929     930     931     932
             933     934     935     936     937     938     939     940     941
             942     943     944     945     946     947     948     949     950
             951     952     953     954     955     956     957     958     959
             960     961     962     963     964     965     966     967     968
             969     970     971     972     973     974     975     976     977
             978     979     980     981     982     983     984     985     986
             987     988     989     990     991     992     993     994     995
             996     997     998     999    1000    1001    1002    1003    1004
            1005    1006    1007    1008    1009    1010    1011    1012    1013
            1014    1015    1016    1017    1018    1019    1020    1021    1022
            1023    1024    1025    1026    1027    1028    1029    1030    1031
            1032    1033    1034    1035    1036    1037    1038    1039    1040
            1041    1042    1043    1044    1045    1046    1047    1048    1049
            1050    1051    1052    1053    1054    1055    1056    1057    1058
            1059    1060    1061    1062    1063    1064    1065    1066    1067
            1068    1069    1070    1071    1072    1073    1074    1075    1076
            1077    1078    1079    1080    1081    1082    1083    1084    1085
            1086    1087    1088    1089    1090    1091    1092    1093    1094
            1095    1096    1097    1098    1099    1100    1101    1102    1103
            1104    1105    1106    1107    1108    1109    1110    1111    1112
            1113    1114    1115    1116    1117    1118    1119    1120    1121
            1122    1123    1124    1125    1126    1127    1128    1229    1230
            1231    1232    1233    1234    1235    1236    1261    1262    1263
            1264    1265    1266    1267    1268    1270    1271    1272    1273
            1274    1299    1300    1301    1302    1303    1304    1305    1306
            1307    1308    1309    1310    1311    1312    1313    1314    1315
            1316    1317    1318    1319    1320    1321    1322    1323    1324
            1325    1326    1327    1328    1329    1330    1331    1332    1333
            1334    1335    1336    1337    1338    1339    1340    1341    1342
            1343    1344    1345    1346    1347    1348    1349    1350    1351
            1352    1353    1354    1355    1356    1357    1358    1359    1360
            1361    1362    1363    1364    1365    1366    1367    1368    1369
            1370    1371    1372    1373    1374    1375    1376    1377    1378
            1379    1380    1381    1382    1383    1384    1385    1386    1387
            1388    1389    1390    1391    1392    1393    1394    1395    1396
            1397    1398    1399    1400    1401    1402    1403    1404    1405
            1406    1407    1408    1409    1410    1411    1412    1413    1414
            1415    1416    1417    1418    1419    1420    1421    1422    1423
            1424
       1     721  ! PE, NELP(PE)
              51      52      53      54      55      56      57      58      59
              60      61      62      63      64      65      66      67      68
              69      70      71      72      73      74      75      76      77
              78      79      80      81      82      83      84      85      86
              87      88      89      90      91      92      93      94      95
              96      97      98      99     100     101     102     103     104
             105     106     107     108     109     110     111     112     113
             114     115     116     117     118     119     120     121     122
             123     124     125     126     127     128     129     130     131
             132     133     134     135     136     137     138     139     140
             141     142     143     144     145     146     147     148     149
             150     151     152     153     154     155     156     157     158
             159     160     161     162     163     164     165     166     167
             168     169     170     171     172     173     174     175     176
             177     178     179     180     181     182     183     184     185
             186     187     188     189     190     191     192     193     194
             195     196     197     198     199     200     201     202     203
             204     205     206     207     208     209     210     211     212
             213     214     215     216     217     218     219     291     292
             293     294     295     296     297     298     299     300     301
             302     303     304     305     306     307     308     309     310
             311     312     313     314     315     316     317     318     319
             320     321     322     323     324     325     326     327     328
             329     330     331     332     333     334     335     336     337
             338     339     340     341     342     343     344     345     346
             347     348     349     350     351     352     353     354     355
             356     357     358     359     360     361     362     363     364
             365     366     367     368     369     370     371     372     373
             374     375     376     377     378     379     380     381     382
             383     384     385     386     387     388     389     390     391
             392     393     394     395     396     397     398     399     400
             401     402     403     404     405     406     407     408     409
             410     411     412     413     414     415     416     417     418
             484     485     486     487     488     489     490     491     492
             493     494     495     496     497     498     499     500     501
             502     503     504     505     506     507     508     509     510
             511     512     513     514     515     516     517     518     519
             520     521     522     523     524     525     526     527     528
             529     530     531     532     533     534     535     536     537
             538     539     540     541     542     543     544     545     546
             547     548     549     550     551     552     553     554     555
             556     557     558     559     560     561     562     563     564
             565     566     567     568     569     570     571     572     573
             574     575     576     577     578     579     580     581     582
             583     584     585     586     587     588     589     590     591
             655     656     657     658     659     660     661     662     663
             664     665     666     667     668     669     670     671     672
             673     674     675     676     677     678     679     680     681
             682     683     684     685     686     687     688     689     690
             691     692     693     694     695     696     697     698     699
             700     701     702     703     704     705     706     707     708
             709     710     711     712     713     714     715     716     717
             718     719     720     721     724     728     729     730     731
             732     733     734     735     736     737     798     799     800
             801     802     803     804     805     806     807     808     809
             810     811     812     813     814     815     816     817     818
             819     820     821     822     823     824     825     826     827
             828     829     830     831     832     833     834     835     836
             837     838     839     840     841     842     843     844     845
             846     847     856     857     858     916     917     918     919
             920     921     922     923     924     925    1126    1127    1129
            1130    1131    1132    1133    1134    1135    1136    1137    1138
            1139    1140    1141    1142    1143    1144    1145    1146    1147
            1148    1149    1150    1151    1152    1153    1154    1155    1156
            1157    1158    1159    1160    1161    1162    1163    1164    1165
            1166    1167    1168    1169    1170    1171    1172    1173    1174
            1175    1176    1177    1178    1179    1180    1181    1182    1183
            1184    1185    1186    1187    1188    1189    1190    1191    1192
            1193    1194    1195    1196    1197    1198    1199    1200    1201
            1202    1203    1204    1205    1206    1207    1208    1209    1210
            1211    1212    1213    1214    1215    1216    1217    1218    1219
            1220    1221    1222    1223    1224    1225    1226    1227    1228
            1233    1234    1235    1236    1237    1238    1239    1240    1241
            1242    1243    1244    1245    1246    1247    1248    1249    1250
            1251    1252    1253    1254    1255    1256    1257    1258    1259
            1260    1268    1269    1270    1271    1272    1273    1274    1275
            1276    1277    1278    1279    1280    1281    1282    1283    1284
            1285    1286    1287    1288    1289    1290    1291    1292    1293
            1294    1295    1296    1297    1298    1315    1316    1317    1318
            1320    1322    1324    1328    1329    1330    1333    1334    1335
            1336
 GLOBAL   PE     LOCAL   ( Global-to-Local Nodes )
               1       0       1
               2       0       2
               3       0       3
               4       0       4
               5       0       5
               6       0       6
               7       0       7
               8       0       8
               9       0       9
              10       0      10
              11       0      11
              12       0      12
              13       0      13
              14       0      14
              15       0      15
              16       0      16
              17       0      17
              18       0      18
              19       0      19
              20       0      20
              21       0      21
              22       0      22
              23       0      23
              24       0      24
              25       0      25
              26       0      26
              27       0      27
              28       0      28
              29       1       1
              30       1       2
              31       1       3
              32       1       4
              33       1       5
              34       1       6
              35       1       7
              36       1       8
              37       1       9
              38       1      10
              39       1      11
              40       1      12
              41       1      13
              42       1      14
              43       1      15
              44       1      16
              45       1      17
              46       1      18
              47       1      19
              48       1      20
              49       1      21
              50       1      22
              51       1      23
              52       1      24
              53       1      25
              54       1      26
              55       1      27
              56       1      28
              57       1      29
              58       1      30
              59       1      31
              60       1      32
              61       1      33
              62       1      34
              63       1      35
              64       1      36
              65       1      37
              66       1      38
              67       1      39
              68       1      40
              69       1      41
              70       1      42
              71       1      43
              72       1      44
              73       1      45
              74       1      46
              75       1      47
              76       1      48
              77       1      49
              78       1      50
              79       1      51
              80       1      52
              81       1      53
              82       1      54
              83       1      55
              84       1      56
              85       1      57
              86       1      58
              87       1      59
              88       1      60
              89       1      61
              90       1      62
              91       1      63
              92       1      64
              93       1      65
              94       1      66
              95       1      67
              96       1      68
              97       1      69
              98       1      70
              99       1      71
             100       1      72
             101       1      73
             102       1      74
             103       1      75
             104       1      76
             105       1      77
             106       1      78
             107       1      79
             108       1      80
             109       1      81
             110       1      82
             111       1      83
             112       1      84
             113       1      85
             114       1      86
             115       1      87
             116       0      31
             117       0      32
             118       0      33
             119       0      34
             120       0      35
             121       0      36
             122       0      37
             123       0      38
             124       0      39
             125       0      40
             126       0      41
             127       0      42
             128       0      43
             129       0      44
             130       0      45
             131       0      46
             132       0      47
             133       0      48
             134       0      49
             135       0      50
             136       0      51
             137       0      52
             138       0      53
             139       0      54
             140       0      55
             141       0      56
             142       0      57
             143       0      58
             144       0      59
             145       0      60
             146       0      61
             147       0      62
             148       0      63
             149       0      64
             150       0      65
             151       0      66
             152       0      67
             153       0      68
             154       0      69
             155       1      90
             156       1      91
             157       1      92
             158       1      93
             159       1      94
             160       1      95
             161       1      96
             162       1      97
             163       1      98
             164       1      99
             165       1     100
             166       1     101
             167       1     102
             168       1     103
             169       1     104
             170       1     105
             171       1     106
             172       1     107
             173       1     108
             174       1     109
             175       1     110
             176       1     111
             177       1     112
             178       1     113
             179       1     114
             180       1     115
             181       1     116
             182       1     117
             183       1     118
             184       1     119
             185       1     120
             186       1     121
             187       1     122
             188       1     123
             189       1     124
             190       1     125
             191       1     126
             192       1     127
             193       1     128
             194       1     129
             195       1     130
             196       1     131
             197       1     132
             198       1     133
             199       1     134
             200       1     135
             201       1     136
             202       1     137
             203       1     138
             204       1     139
             205       1     140
             206       1     141
             207       1     142
             208       1     143
             209       1     144
             210       1     145
             211       1     146
             212       1     147
             213       1     148
             214       1     149
             215       1     150
             216       1     151
             217       1     152
             218       1     153
             219       1     154
             220       1     155
             221       1     156
             222       1     157
             223       1     158
             224       1     159
             225       1     160
             226       1     161
             227       0      71
             228       0      72
             229       0      73
             230       0      74
             231       0      75
             232       0      76
             233       0      77
             234       0      78
             235       0      79
             236       0      80
             237       0      81
             238       0      82
             239       0      83
             240       0      84
             241       0      85
             242       0      86
             243       0      87
             244       0      88
             245       0      89
             246       0      90
             247       0      91
             248       0      92
             249       0      93
             250       0      94
             251       0      95
             252       0      96
             253       0      97
             254       0      98
             255       0      99
             256       0     100
             257       0     101
             258       0     102
             259       0     103
             260       0     104
             261       0     105
             262       0     106
             263       1     164
             264       1     165
             265       1     166
             266       1     167
             267       1     168
             268       1     169
             269       1     170
             270       1     171
             271       1     172
             272       1     173
             273       1     174
             274       1     175
             275       1     176
             276       1     177
             277       1     178
             278       1     179
             279       1     180
             280       1     181
             281       1     182
             282       1     183
             283       1     184
             284       1     185
             285       1     186
             286       1     187
             287       1     188
             288       1     189
             289       1     190
             290       1     191
             291       1     192
             292       1     193
             293       1     194
             294       1     195
             295       1     196
             296       1     197
             297       1     198
             298       1     199
             299       1     200
             300       1     201
             301       1     202
             302       1     203
             303       1     204
             304       1     205
             305       1     206
             306       1     207
             307       1     208
             308       1     209
             309       1     210
             310       1     211
             311       1     212
             312       1     213
             313       1     214
             314       1     215
             315       1     216
             316       1     217
             317       1     218
             318       1     219
             319       1     220
             320       1     221
             321       1     222
             322       0     108
             323       0     109
             324       0     110
             325       0     111
             326       0     112
             327       0     113
             328       0     114
             329       0     115
             330       0     116
             331       0     117
             332       0     118
             333       0     119
             334       0     120
             335       0     121
             336       0     122
             337       0     123
             338       0     124
             339       0     125
             340       0     126
             341       0     127
             342       0     128
             343       0     129
             344       0     130
             345       0     131
             346       0     132
             347       0     133
             348       0     134
             349       0     135
             350       0     136
             351       0     137
             352       0     138
             353       0     139
             354       0     140
             355       0     141
             356       1     226
             357       1     227
             358       1     228
             359       1     229
             360       1     230
             361       1     231
             362       1     232
             363       1     233
             364       1     234
             365       1     235
             366       1     236
             367       1     237
             368       1     238
             369       1     239
             370       1     240
             371       1     241
             372       1     242
             373       1     243
             374       1     244
             375       1     245
             376       1     246
             377       1     247
             378       1     248
             379       1     249
             380       1     250
             381       1     251
             382       1     252
             383       1     253
             384       1     254
             385       1     255
             386       1     256
             387       1     257
             388       1     258
             389       1     259
             390       1     260
             391       1     261
             392       1     262
             393       1     263
             394       1     264
             395       1     265
             396       1     266
             397       1     267
             398       1     268
             399       1     269
             400       1     270
             401       1     271
             402       0     148
             403       0     149
             404       0     150
             405       0     151
             406       0     152
             407       0     153
             408       0     154
             409       0     155
             410       0     156
             411       0     157
             412       0     158
             413       0     159
             414       0     160
             415       0     161
             416       0     162
             417       0     163
             418       0     164
             419       0     165
             420       0     166
             421       0     167
             422       0     168
             423       0     169
             424       0     170
             425       0     171
             426       0     172
             427       0     173
             428       0     174
             429       0     175
             430       0     176
             431       0     177
             432       0     178
             433       0     179
             434       1     273
             435       1     274
             436       1     275
             437       1     276
             438       1     277
             439       1     278
             440       1     279
             441       1     280
             442       1     281
             443       1     282
             444       1     283
             445       1     284
             446       1     285
             447       1     286
             448       1     287
             449       1     288
             450       1     289
             451       1     290
             452       1     291
             453       1     292
             454       1     293
             455       1     294
             456       1     295
             457       1     296
             458       1     297
             459       1     298
             460       1     299
             461       1     300
             462       1     301
             463       1     302
             464       0     180
             465       0     181
             466       0     182
             467       0     183
             468       1     304
             469       1     305
             470       0     186
             471       0     187
             472       0     188
             473       0     189
             474       0     190
             475       0     191
             476       0     192
             477       0     193
             478       0     194
             479       0     195
             480       0     196
             481       0     197
             482       0     198
             483       0     199
             484       0     200
             485       0     201
             486       0     202
             487       0     203
             488       0     204
             489       0     205
             490       0     206
             491       0     207
             492       0     208
             493       0     209
             494       0     210
             495       0     211
             496       0     212
             497       0     213
             498       0     214
             499       0     215
             500       0     216
             501       1     307
             502       1     308
             503       1     309
             504       1     310
             505       1     311
             506       1     312
             507       1     313
             508       1     314
             509       1     315
             510       1     316
             511       1     317
             512       1     318
             513       1     319
             514       1     320
             515       1     321
             516       1     322
             517       0     217
             518       0     218
             519       0     219
             520       0     220
             521       0     221
             522       0     222
             523       0     223
             524       0     224
             525       0     225
             526       0     226
             527       0     227
             528       0     228
             529       0     229
             530       0     230
             531       0     231
             532       0     232
             533       0     233
             534       0     234
             535       0     235
             536       0     236
             537       0     237
             538       0     238
             539       0     239
             540       0     240
             541       0     241
             542       0     242
             543       0     243
             544       0     244
             545       0     245
             546       0     246
             547       0     247
             548       0     248
             549       0     249
             550       0     250
             551       0     251
             552       0     252
             553       0     253
             554       0     254
             555       0     255
             556       0     256
             557       0     257
             558       0     258
             559       0     259
             560       0     260
             561       0     261
             562       0     262
             563       0     263
             564       0     264
             565       0     265
             566       0     266
             567       0     267
             568       0     268
             569       0     269
             570       0     270
             571       0     271
             572       0     272
             573       0     273
             574       0     274
             575       0     275
             576       0     276
             577       0     277
             578       0     278
             579       0     279
             580       0     280
             581       0     281
             582       0     282
             583       0     283
             584       0     284
             585       0     285
             586       0     286
             587       0     287
             588       0     288
             589       0     289
             590       0     290
             591       0     291
             592       0     292
             593       0     293
             594       0     294
             595       0     295
             596       0     296
             597       0     297
             598       0     298
             599       0     299
             600       0     300
             601       0     301
             602       0     302
             603       0     303
             604       0     304
             605       0     305
             606       0     306
             607       0     307
             608       0     308
             609       0     309
             610       0     310
             611       0     311
             612       0     312
             613       0     313
             614       0     314
             615       0     315
             616       0     316
             617       0     317
             618       0     318
             619       0     319
             620       0     320
             621       0     321
             622       0     322
             623       0     323
             624       0     324
             625       0     325
             626       0     326
             627       0     327
             628       0     328
             629       0     329
             630       0     330
             631       0     331
             632       0     332
             633       0     333
             634       0     334
             635       0     335
             636       0     336
             637       0     337
             638       0     338
             639       0     339
             640       0     340
             641       0     341
             642       0     342
             643       0     343
             644       0     344
             645       0     345
             646       0     346
             647       0     347
             648       0     348
             649       0     349
             650       0     350
             651       0     351
             652       0     352
             653       0     353
             654       0     354
             655       0     355
             656       0     356
             657       0     357
             658       0     358
             659       0     359
             660       0     360
             661       0     361
             662       0     362
             663       0     363
             664       0     364
             665       0     365
             666       0     366
             667       0     367
             668       0     368
             669       0     369
             670       0     370
             671       0     371
             672       0     372
             673       0     373
             674       0     374
             675       0     375
             676       0     376
             677       0     377
             678       0     378
             679       0     379
             680       0     380
             681       1     325
             682       0     382
             683       0     383
             684       0     384
             685       1     329
             686       0     386
             687       0     387
             688       1     332
             689       0     389
             690       0     390
             691       1     335
             692       0     392
             693       0     393
             694       0     394
             695       0     395
             696       0     396
             697       0     397
             698       0     398
             699       1     337
             700       1     338
             701       1     339
             702       1     340
             703       1     341
             704       1     342
             705       1     343
             706       1     344
             707       1     345
             708       1     346
             709       1     347
             710       1     348
             711       1     349
             712       1     350
             713       0     401
             714       1     352
             715       0     403
             716       0     404
             717       0     405
             718       1     353
             719       1     354
             720       1     355
             721       1     356
             722       1     357
             723       1     358
             724       1     359
             725       1     360
             726       1     361
             727       1     362
             728       1     363
             729       1     364
             730       0     407
             731       1     366
             732       0     409
             733       1     367
             734       1     368
             735       1     369
             736       1     370
             737       1     371
             738       1     372
             739       1     373
             740       1     374
             741       1     375
             742       1     376
             743       1     377
             744       1     378
             745       1     379
             746       1     380
             747       1     381
             748       1     382
             749       1     383
             750       1     384
             751       1     385
             752       1     386
             753       1     387
             754       1     388
             755       1     389
             756       1     390
             757       1     391
             758       1     392
             759       1     393
             760       1     394
             761       1     395
             762       1     396
             763       1     397
             764       1     398
             765       1     399
             766       1     400
             767       1     401
             768       1     402
             769       1     403
             770       1     404
             771       1     405
             772       1     406
             773       1     407
             774       1     408
             775       1     409
             776       1     410
             777       1     411
             778       1     412
             779       1     413
             780       1     414
             781       1     415
             782       1     416
             783       1     417
             784       1     418
             785       1     419
             786       1     420
             787       1     421
             788       1     422
             789       0     411
             790       0     412
             791       0     413
             792       0     414
             793       0     415
             794       0     416
             795       0     417
             796       0     418
       1 0.00000000E+00 0.30000000E+01    1000   ! NOUTE,TOUTSE,TOUTFE,NSPOOLE
           1           2
          -1
          -2
           2           3
          -3
          -4
          -5
       1 0.00000000E+00 0.30000000E+01    1000   ! NOUTV,TOUTSV,TOUTFV,NSPOOLV
           1           2
          -1
          -2
           2           3
          -3
          -4
          -5
       1 0.00000000E+00 0.73000000E+03     100   ! NOUTGE, TOUTSGE, TOUTFGE, N
       1 0.00000000E+00 0.73000000E+03     100   ! NOUTGV, TOUTSGV, TOUTFGV, N
       0 0.00000000E+00 0.00000000E+00       0   ! NOUTGC, TOUTSGC, TOUTFGC, N
       0 0.00000000E+00 0.00000000E+00       0   ! NOUTGW, TOUTSGW, TOUTFGW, N
   0   0   0   0    ! NHASE, NHASV, NHAGE, NHAGV
       0 0.00000000E+00 0.00000000E+00       0       0   ! I3DSD, TO3DSSD, TO3DFSD, NS
       0 0.00000000E+00 0.00000000E+00       0       0   ! I3DSV, TO3DSSV, TO3DFSV, NS
       0 0.00000000E+00 0.00000000E+00       0       0   ! I3DST, TO3DSST, TO3DFST, NS
       0 0.00000000E+00 0.00000000E+00       0   ! I3DGD, TO3DSGD, TO3DFGD, NS
       0 0.00000000E+00 0.00000000E+00       0   ! I3DGV, TO3DSGV, TO3DFGV, NS
       0 0.00000000E+00 0.00000000E+00       0   ! I3DGT, TO3DSGT, TO3DFGT, NS
           8
