       796      2219        11         1
         2         2         6       130         7
         4         1         6         3         8       130         9       131        10
         4         2         8         4         8       131        10       132        10
         4         3         8         5         8       132        10       133        10
         4         4         8         6         8       133        10       134        10
         4         5         8         7         8       134        10       135        10
         4         6         8         8         8       135        10       136        10
         4         7         8         9         8       136        10       137        10
         4         8         8        10         8       137        10       138        10
         4         9         8        11         8       138        10       139        10
         4        10         8        12         8       139        10       140        10
         4        11         8        13         8       140        10       141        10
         4        12         8        14         8       141        10       142        10
         4        13         8        15         8       142        10       143        10
         4        14         8        16         8       143        10       144        10
         4        15         8        17         8       144        10       145        10
         4        16         8        18         7       145        10       146        10
         3        17         7        19         6       146         9
         3        18         6        20         8       146         9
         5        19         8        21         8       146        11       147        11       148        11
         3        20         8        22         8       148         9
         5        21         8        23         8       148        11       149        11       150        11
         3        22         8        24         8       150         9
         5        23         8        25         8       150        11       151        11       152        12
         3        24         8        26         8       152        10
         5        25         8       152        12       793         9       795        11       796        10
         2       793         6       794         6
         4       791        10       792         8       794         8       795        10
         5       786         9       787        11       788        11       790        11       792         9
         5       782         9       783        11       784        11       785        11       786         9
         4       779         8       780        10       781        10       782         8
         4       776         8       777        10       778        10       779         8
         4       773         8       774        10       775        10       776         8
         4       770        10       771         8       772        10       773         8
         6        36         9       163        13       164        12       768        12       769        11       771        10
         3        35         9        37         8       164         9
         5        36         8        38         8       164        11       165        11       166        11
         3        37         8        39         8       166         9
         5        38         8        40         8       166        11       167        11       168        11
         3        39         8        41         8       168         9
         5        40         8        42         8       168        11       169        11       170        11
         3        41         8        43         8       170         9
         5        42         8        44         7        45         9       170        11       171        11
         2        43         7        45         6
         4        43         9        44         6        46         8       171        10
         4        45         8        47         8       171        10       172        10
         4        46         8        48         8       172        10       173        10
         4        47         8        49         8       173        10       174        10
         4        48         8        50         8       174        10       175        10
         4        49         8        51         8       175        10       176        10
         4        50         8        52         8       176        10       177        10
         4        51         8        53         8       177        10       178        10
         4        52         8        54         8       178        10       179        10
         4        53         8        55         6        56         9       179        10
         2        54         6        56         7
         5        54         9        55         7        57         8       179        11       180        11
         3        56         8        58         8       180         9
         5        57         8        59         8       180        11       181        11       182        11
         3        58         8        60         8       182         9
         5        59         8        61         8       182        11       183        11       184        11
         3        60         8        62         8       184         9
         5        61         8        63         8       184        11       185        11       186        11
         3        62         8        64         8       186         9
         5        63         8        65         8       186        11       187        11       188        11
         3        64         8        66         8       188         9
         5        65         8        67         8       188        11       189        11       190        11
         3        66         8        68         8       190         9
         5        67         8        69         8       190        11       191        11       192        11
         3        68         8        70         8       192         9
         5        69         8        71         8       192        11       193        11       194        11
         3        70         8        72         8       194         9
         5        71         8        73         8       194        11       195        11       196        11
         3        72         8        74         8       196         9
         5        73         8        75         7        76         9       196        11       197        11
         2        74         7        76         6
         4        74         9        75         6        77         8       197        10
         4        76         8        78         8       197        10       198        10
         4        77         8        79         8       198        10       199        10
         4        78         8        80         8       199        10       200        10
         4        79         8        81         8       200        10       201        10
         4        80         8        82         8       201        10       202        10
         4        81         8        83         8       202        10       203        10
         4        82         8        84         8       203        10       204        10
         4        83         8        85         8       204        10       205        10
         4        84         8        86         6        87         9       205        10
         2        85         6        87         7
         5        85         9        86         7        88         8       205        11       206        11
         3        87         8        89         8       206         9
         5        88         8        90         8       206        11       207        11       208        11
         3        89         8        91         8       208         9
         5        90         8        92         8       208        11       209        11       210        11
         3        91         8        93         8       210         9
         5        92         8        94         8       210        11       211        11       212        11
         3        93         8        95         9       212         9
         6        94         9       212        12       213        13       764        12       765        10       767        11
         4       760        10       761         8       763        10       765         8
         4       756        10       757         8       759        10       761         8
         4       752        10       753         8       755        10       757         8
         4       748        10       749         8       751        10       753         8
         5       743        11       744         9       745        11       747        11       749         9
         5       738        11       739         9       740        11       742        11       744         9
         4       733        10       734         8       736        10       739         8
         2       734         6       735         6
         5       105         8       217        12       733        11       735         9       737        10
         3       104         8       106         8       217        10
         5       105         8       107         8       217        12       218        11       219        11
         3       106         8       108         8       219         9
         5       107         8       109         8       219        11       220        11       221        11
         3       108         8       110         8       221         9
         5       109         8       111         8       221        11       222        11       223        11
         3       110         8       112         6       223         9
         3       111         6       113         7       223         9
         4       112         7       114         8       223        10       224        10
         4       113         8       115         8       224        10       225        10
         4       114         8       116         8       225        10       226        10
         4       115         8       117         8       226        10       227        10
         4       116         8       118         8       227        10       228        10
         4       117         8       119         8       228        10       229        10
         4       118         8       120         8       229        10       230        10
         4       119         8       121         8       230        10       231        10
         4       120         8       122         8       231        10       232        10
         4       121         8       123         8       232        10       233        10
         4       122         8       124         8       233        10       234        10
         4       123         8       125         8       234        10       235        10
         4       124         8       126         8       235        10       236        10
         4       125         8       127         8       236        10       237        10
         4       126         8       128         8       237        10       238        10
         4       127         8       129         6       238        10       239         9
         2       128         6       239         7
         5         1         7         2         9       131        11       240        11       241         8
         6         2        10         3        10       130        11       132        12       240        12       242        12
         6         3        10         4        10       131        12       133        12       242        12       243        12
         6         4        10         5        10       132        12       134        12       243        12       244        12
         6         5        10         6        10       133        12       135        12       244        12       245        12
         6         6        10         7        10       134        12       136        12       245        12       246        12
         6         7        10         8        10       135        12       137        12       246        12       247        12
         6         8        10         9        10       136        12       138        12       247        12       248        12
         6         9        10        10        10       137        12       139        12       248        12       249        12
         6        10        10        11        10       138        12       140        12       249        12       250        12
         6        11        10        12        10       139        12       141        12       250        12       251        12
         6        12        10        13        10       140        12       142        12       251        12       252        12
         6        13        10        14        10       141        12       143        12       252        12       253        12
         6        14        10        15        10       142        12       144        12       253        12       254        12
         6        15        10        16        10       143        12       145        12       254        12       255        12
         6        16        10        17        10       144        12       146        12       147        12       255        12
         6        17        10        18         9        19         9        20        11       145        12       147        12
         6        20        11       145        12       146        12       148        12       255        12       256        12
         6        20        11        21         9        22        11       147        12       149        12       256        12
         6        22        11       148        12       150        12       256        12       257        12       258        12
         6        22        11        23         9        24        11       149        12       151        12       258        12
         6        24        11       150        12       152        13       258        12       259        12       260        13
         7        24        12        25        10        26        12       151        13       153        13       260        14       796        12
         6       152        13       260        13       789        12       790        12       791        12       796        11
         5       730        11       731        11       732        11       788        11       789        11
         7       726        13       727        13       728        13       729        13       731        13       785        13       787        13
         6       724        12       725        12       727        12       745        12       746        12       784        12
         6       746        12       747        12       748        12       750        12       781        12       783        12
         6       750        12       751        12       752        12       754        12       778        12       780        12
         6       754        12       755        12       756        12       758        12       775        12       777        12
         6       758        12       759        12       760        12       762        12       772        12       774        12
         6       762        12       763        12       764        12       766        12       768        12       770        12
         6       163        13       213        13       265        12       766        12       767        11       769        11
         7        35        13       162        13       164        13       265        13       266        13       267        13       769        12
         6        35        12        36         9        37        11       163        13       165        12       267        12
         6        37        11       164        12       166        12       267        12       268        12       269        12
         6        37        11        38         9        39        11       165        12       167        12       269        12
         6        39        11       166        12       168        12       269        12       270        12       271        12
         6        39        11        40         9        41        11       167        12       169        12       271        12
         6        41        11       168        12       170        12       271        12       272        12       273        12
         6        41        11        42         9        43        11       169        12       171        12       273        12
         6        43        11        45        10        46        10       170        12       172        12       273        12
         6        46        10        47        10       171        12       173        12       273        12       274        12
         6        47        10        48        10       172        12       174        12       274        12       275        12
         6        48        10        49        10       173        12       175        12       275        12       276        12
         6        49        10        50        10       174        12       176        12       276        12       277        12
         6        50        10        51        10       175        12       177        12       277        12       278        12
         6        51        10        52        10       176        12       178        12       278        12       279        12
         6        52        10        53        10       177        12       179        12       279        12       280        12
         6        53        10        54        10        56        11       178        12       180        12       280        12
         6        56        11        57         9        58        11       179        12       181        12       280        12
         6        58        11       180        12       182        12       280        12       281        12       282        12
         6        58        11        59         9        60        11       181        12       183        12       282        12
         6        60        11       182        12       184        12       282        12       283        12       284        12
         6        60        11        61         9        62        11       183        12       185        12       284        12
         6        62        11       184        12       186        12       284        12       285        12       286        12
         6        62        11        63         9        64        11       185        12       187        12       286        12
         6        64        11       186        12       188        12       286        12       287        12       288        12
         6        64        11        65         9        66        11       187        12       189        12       288        12
         6        66        11       188        12       190        12       288        12       289        12       290        12
         6        66        11        67         9        68        11       189        12       191        12       290        12
         6        68        11       190        12       192        12       290        12       291        12       292        12
         6        68        11        69         9        70        11       191        12       193        12       292        12
         6        70        11       192        12       194        12       292        12       293        12       294        12
         6        70        11        71         9        72        11       193        12       195        12       294        12
         6        72        11       194        12       196        12       294        12       295        12       296        12
         6        72        11        73         9        74        11       195        12       197        12       296        12
         6        74        11        76        10        77        10       196        12       198        12       296        12
         6        77        10        78        10       197        12       199        12       296        12       297        12
         6        78        10        79        10       198        12       200        12       297        12       298        12
         6        79        10        80        10       199        12       201        12       298        12       299        12
         6        80        10        81        10       200        12       202        12       299        12       300        12
         6        81        10        82        10       201        12       203        12       300        12       301        12
         6        82        10        83        10       202        12       204        12       301        12       302        12
         6        83        10        84        10       203        12       205        12       302        12       303        12
         6        84        10        85        10        87        11       204        12       206        12       303        12
         6        87        11        88         9        89        11       205        12       207        12       303        12
         6        89        11       206        12       208        12       303        12       304        12       305        12
         6        89        11        90         9        91        11       207        12       209        12       305        12
         6        91        11       208        12       210        12       305        12       306        12       307        12
         6        91        11        92         9        93        11       209        12       211        12       307        12
         6        93        11       210        12       212        12       307        12       308        12       309        12
         6        93        11        94         9        95        12       211        12       213        13       309        12
         7        95        13       162        13       212        13       265        13       309        13       310        13       767        12
         7       720        13       721        13       722        13       723        13       725        13       742        13       743        13
         5       718        11       719        11       721        11       740        11       741        11
         6       217        13       314        13       736        12       737        11       738        12       741        12
         7       104        12       105        10       106        12       216        13       218        13       314        14       737        12
         6       106        11       217        13       219        12       314        13       315        12       316        12
         6       106        11       107         9       108        11       218        12       220        12       316        12
         6       108        11       219        12       221        12       316        12       317        12       318        12
         6       108        11       109         9       110        11       220        12       222        12       318        12
         6       110        11       221        12       223        12       224        12       318        12       319        12
         6       110        11       111         9       112         9       113        10       222        12       224        12
         6       113        10       114        10       222        12       223        12       225        12       319        12
         6       114        10       115        10       224        12       226        12       319        12       320        12
         6       115        10       116        10       225        12       227        12       320        12       321        12
         6       116        10       117        10       226        12       228        12       321        12       322        12
         6       117        10       118        10       227        12       229        12       322        12       323        12
         6       118        10       119        10       228        12       230        12       323        12       324        12
         6       119        10       120        10       229        12       231        12       324        12       325        12
         6       120        10       121        10       230        12       232        12       325        12       326        12
         6       121        10       122        10       231        12       233        12       326        12       327        12
         6       122        10       123        10       232        12       234        12       327        12       328        12
         6       123        10       124        10       233        12       235        12       328        12       329        12
         6       124        10       125        10       234        12       236        12       329        12       330        12
         6       125        10       126        10       235        12       237        12       330        12       331        12
         6       126        10       127        10       236        12       238        12       331        12       332        12
         6       127        10       128        10       237        12       239        11       332        12       333        12
         5       128         9       129         7       238        11       333        11       334         8
         6       130        11       131        12       241         9       242        12       335        11       336        12
         3       130         8       240         9       335         8
         6       131        12       132        12       240        12       243        12       336        12       337        12
         6       132        12       133        12       242        12       244        12       337        12       338        12
         6       133        12       134        12       243        12       245        12       338        12       339        12
         6       134        12       135        12       244        12       246        12       339        12       340        12
         6       135        12       136        12       245        12       247        12       340        12       341        12
         6       136        12       137        12       246        12       248        12       341        12       342        12
         6       137        12       138        12       247        12       249        12       342        12       343        12
         6       138        12       139        12       248        12       250        12       343        12       344        12
         6       139        12       140        12       249        12       251        12       344        12       345        12
         6       140        12       141        12       250        12       252        12       345        12       346        12
         6       141        12       142        12       251        12       253        12       346        12       347        12
         6       142        12       143        12       252        12       254        12       347        12       348        12
         6       143        12       144        12       253        12       255        12       348        12       349        12
         6       144        12       145        12       147        12       254        12       256        12       349        12
         6       147        12       148        12       149        12       255        12       257        12       349        12
         6       149        12       256        12       258        12       349        12       350        12       351        12
         6       149        12       150        12       151        12       257        12       259        12       351        12
         6       151        12       258        12       260        13       261        12       351        12       352        13
         7       151        13       152        14       153        13       259        13       261        13       732        13       789        13
         6       259        12       260        13       352        13       716        11       717        12       732        12
         6       713        12       714        12       715        12       717        12       729        12       730        12
         6       709        12       710        12       711        12       712        12       714        12       728        12
         6       707        12       708        12       710        12       723        12       724        12       726        12
         6       162        12       163        13       213        13       266        12       310        12       357        12
         6       163        13       265        12       267        12       357        12       358        12       359        12
         6       163        13       164        12       165        12       266        12       268        12       359        12
         6       165        12       267        12       269        12       359        12       360        12       361        12
         6       165        12       166        12       167        12       268        12       270        12       361        12
         6       167        12       269        12       271        12       361        12       362        12       363        12
         6       167        12       168        12       169        12       270        12       272        12       363        12
         6       169        12       271        12       273        12       274        12       363        12       364        12
         6       169        12       170        12       171        12       172        12       272        12       274        12
         6       172        12       173        12       272        12       273        12       275        12       364        12
         6       173        12       174        12       274        12       276        12       364        12       365        12
         6       174        12       175        12       275        12       277        12       365        12       366        12
         6       175        12       176        12       276        12       278        12       366        12       367        12
         6       176        12       177        12       277        12       279        12       367        12       368        12
         6       177        12       178        12       278        12       280        12       281        12       368        12
         6       178        12       179        12       180        12       181        12       279        12       281        12
         6       181        12       279        12       280        12       282        12       368        12       369        12
         6       181        12       182        12       183        12       281        12       283        12       369        12
         6       183        12       282        12       284        12       369        12       370        12       371        12
         6       183        12       184        12       185        12       283        12       285        12       371        12
         6       185        12       284        12       286        12       371        12       372        12       373        12
         6       185        12       186        12       187        12       285        12       287        12       373        12
         6       187        12       286        12       288        12       373        12       374        12       375        12
         6       187        12       188        12       189        12       287        12       289        12       375        12
         6       189        12       288        12       290        12       375        12       376        12       377        12
         6       189        12       190        12       191        12       289        12       291        12       377        12
         6       191        12       290        12       292        12       377        12       378        12       379        12
         6       191        12       192        12       193        12       291        12       293        12       379        12
         6       193        12       292        12       294        12       379        12       380        12       381        12
         6       193        12       194        12       195        12       293        12       295        12       381        12
         6       195        12       294        12       296        12       297        12       381        12       382        12
         6       195        12       196        12       197        12       198        12       295        12       297        12
         6       198        12       199        12       295        12       296        12       298        12       382        12
         6       199        12       200        12       297        12       299        12       382        12       383        12
         6       200        12       201        12       298        12       300        12       383        12       384        12
         6       201        12       202        12       299        12       301        12       384        12       385        12
         6       202        12       203        12       300        12       302        12       385        12       386        12
         6       203        12       204        12       301        12       303        12       304        12       386        12
         6       204        12       205        12       206        12       207        12       302        12       304        12
         6       207        12       302        12       303        12       305        12       386        12       387        12
         6       207        12       208        12       209        12       304        12       306        12       387        12
         6       209        12       305        12       307        12       387        12       388        12       389        12
         6       209        12       210        12       211        12       306        12       308        12       389        12
         6       211        12       307        12       309        12       389        12       390        12       391        12
         6       211        12       212        12       213        13       308        12       310        12       391        12
         6       213        13       265        12       309        12       357        12       391        12       392        12
         6       703        12       704        12       705        12       706        12       708        12       722        12
         6       699        12       701        12       702        12       704        12       718        12       720        12
         6       314        13       315        12       396        13       699        12       700        11       719        12
         7       216        13       217        14       218        13       313        13       315        13       719        13       741        13
         6       218        12       313        12       314        13       316        12       396        13       397        12
         6       218        12       219        12       220        12       315        12       317        12       397        12
         6       220        12       316        12       318        12       397        12       398        12       399        12
         6       220        12       221        12       222        12       317        12       319        12       399        12
         6       222        12       224        12       225        12       318        12       320        12       399        12
         6       225        12       226        12       319        12       321        12       399        12       400        12
         6       226        12       227        12       320        12       322        12       400        12       401        12
         6       227        12       228        12       321        12       323        12       401        12       402        12
         6       228        12       229        12       322        12       324        12       402        12       403        12
         6       229        12       230        12       323        12       325        12       403        12       404        12
         6       230        12       231        12       324        12       326        12       404        12       405        12
         6       231        12       232        12       325        12       327        12       405        12       406        12
         6       232        12       233        12       326        12       328        12       406        12       407        12
         6       233        12       234        12       327        12       329        12       407        12       408        12
         6       234        12       235        12       328        12       330        12       408        12       409        12
         6       235        12       236        12       329        12       331        12       409        12       410        12
         6       236        12       237        12       330        12       332        12       410        12       411        12
         6       237        12       238        12       331        12       333        12       411        12       412        12
         6       238        12       239        11       332        12       334         9       412        12       413        11
         3       239         8       333         9       413         8
         5       240        11       241         8       336        11       414        11       415         8
         6       240        12       242        12       335        11       337        12       414        12       416        12
         6       242        12       243        12       336        12       338        12       416        12       417        12
         6       243        12       244        12       337        12       339        12       417        12       418        12
         6       244        12       245        12       338        12       340        12       418        12       419        12
         6       245        12       246        12       339        12       341        12       419        12       420        12
         6       246        12       247        12       340        12       342        12       420        12       421        12
         6       247        12       248        12       341        12       343        12       421        12       422        12
         6       248        12       249        12       342        12       344        12       422        12       423        12
         6       249        12       250        12       343        12       345        12       423        12       424        12
         6       250        12       251        12       344        12       346        12       424        12       425        12
         6       251        12       252        12       345        12       347        12       425        12       426        12
         6       252        12       253        12       346        12       348        12       426        12       427        12
         6       253        12       254        12       347        12       349        12       350        12       427        12
         6       254        12       255        12       256        12       257        12       348        12       350        12
         6       257        12       348        12       349        12       351        12       427        12       428        12
         6       257        12       258        12       259        12       350        12       352        13       428        12
         7       259        13       261        13       351        13       353        13       428        13       429        14       716        12
         6       352        13       429        13       697        11       698        12       715        12       716        11
         6       694        12       695        12       696        12       698        12       712        12       713        12
         6       690        12       691        12       692        12       693        12       695        12       711        12
         6       688        12       689        12       691        12       706        12       707        12       709        12
         6       265        12       266        12       310        12       358        12       392        12       434        12
         6       266        12       357        12       359        12       434        12       435        12       436        12
         6       266        12       267        12       268        12       358        12       360        12       436        12
         6       268        12       359        12       361        12       436        12       437        12       438        12
         6       268        12       269        12       270        12       360        12       362        12       438        12
         6       270        12       361        12       363        12       438        12       439        12       440        12
         6       270        12       271        12       272        12       362        12       364        12       440        12
         6       272        12       274        12       275        12       363        12       365        12       440        12
         6       275        12       276        12       364        12       366        12       440        12       441        12
         6       276        12       277        12       365        12       367        12       441        12       442        12
         6       277        12       278        12       366        12       368        12       442        12       443        12
         6       278        12       279        12       281        12       367        12       369        12       443        12
         6       281        12       282        12       283        12       368        12       370        12       443        12
         6       283        12       369        12       371        12       443        12       444        12       445        12
         6       283        12       284        12       285        12       370        12       372        12       445        12
         6       285        12       371        12       373        12       445        12       446        12       447        12
         6       285        12       286        12       287        12       372        12       374        12       447        12
         6       287        12       373        12       375        12       447        12       448        12       449        12
         6       287        12       288        12       289        12       374        12       376        12       449        12
         6       289        12       375        12       377        12       449        12       450        12       451        12
         6       289        12       290        12       291        12       376        12       378        12       451        12
         6       291        12       377        12       379        12       451        12       452        12       453        12
         6       291        12       292        12       293        12       378        12       380        12       453        12
         6       293        12       379        12       381        12       453        12       454        12       455        12
         6       293        12       294        12       295        12       380        12       382        12       455        12
         6       295        12       297        12       298        12       381        12       383        12       455        12
         6       298        12       299        12       382        12       384        12       455        12       456        12
         6       299        12       300        12       383        12       385        12       456        12       457        12
         6       300        12       301        12       384        12       386        12       457        12       458        12
         6       301        12       302        12       304        12       385        12       387        12       458        12
         6       304        12       305        12       306        12       386        12       388        12       458        12
         6       306        12       387        12       389        12       458        12       459        12       460        12
         6       306        12       307        12       308        12       388        12       390        12       460        12
         6       308        12       389        12       391        12       460        12       461        12       462        12
         6       308        12       309        12       310        12       390        12       392        12       462        12
         6       310        12       357        12       391        12       434        12       462        12       463        12
         6       684        12       685        12       686        12       687        12       688        12       705        12
         6       680        12       681        12       683        12       685        12       702        12       703        12
         6       396        13       467        13       681        12       682        11       700        11       701        12
         7       313        13       315        13       395        13       397        13       467        14       468        13       700        12
         6       315        12       316        12       317        12       396        13       398        12       468        12
         6       317        12       397        12       399        12       400        12       468        12       469        12
         6       317        12       318        12       319        12       320        12       398        12       400        12
         6       320        12       321        12       398        12       399        12       401        12       469        12
         6       321        12       322        12       400        12       402        12       469        12       470        12
         6       322        12       323        12       401        12       403        12       470        12       471        12
         6       323        12       324        12       402        12       404        12       471        12       472        12
         6       324        12       325        12       403        12       405        12       472        12       473        12
         6       325        12       326        12       404        12       406        12       473        12       474        12
         6       326        12       327        12       405        12       407        12       474        12       475        12
         6       327        12       328        12       406        12       408        12       475        12       476        12
         6       328        12       329        12       407        12       409        12       476        12       477        12
         6       329        12       330        12       408        12       410        12       477        12       478        12
         6       330        12       331        12       409        12       411        12       478        12       479        12
         6       331        12       332        12       410        12       412        12       479        12       480        12
         6       332        12       333        12       411        12       413        11       480        12       481        12
         5       333        11       334         8       412        11       481        11       482         8
         6       335        11       336        12       415         9       416        12       483        11       484        12
         3       335         8       414         9       483         8
         6       336        12       337        12       414        12       417        12       484        12       485        12
         6       337        12       338        12       416        12       418        12       485        12       486        12
         6       338        12       339        12       417        12       419        12       486        12       487        12
         6       339        12       340        12       418        12       420        12       487        12       488        12
         6       340        12       341        12       419        12       421        12       488        12       489        12
         6       341        12       342        12       420        12       422        12       489        12       490        12
         6       342        12       343        12       421        12       423        12       490        12       491        12
         6       343        12       344        12       422        12       424        12       491        12       492        12
         6       344        12       345        12       423        12       425        12       492        12       493        12
         6       345        12       346        12       424        12       426        12       493        12       494        12
         6       346        12       347        12       425        12       427        12       494        12       495        12
         6       347        12       348        12       350        12       426        12       428        12       495        12
         6       350        12       351        12       352        13       427        12       429        13       495        12
         7       352        14       353        13       428        13       430        13       495        13       496        14       697        12
         6       429        13       496        13       678        11       679        12       696        12       697        11
         6       675        12       676        12       677        12       679        12       693        12       694        12
         6       671        12       672        12       673        12       674        12       676        12       692        12
         6       669        12       670        12       672        12       687        12       689        12       690        12
         6       357        12       358        12       392        12       435        12       463        12       501        12
         6       358        12       434        12       436        12       501        12       502        12       503        12
         6       358        12       359        12       360        12       435        12       437        12       503        12
         6       360        12       436        12       438        12       503        12       504        12       505        12
         6       360        12       361        12       362        12       437        12       439        12       505        12
         6       362        12       438        12       440        12       441        12       505        12       506        12
         6       362        12       363        12       364        12       365        12       439        12       441        12
         6       365        12       366        12       439        12       440        12       442        12       506        12
         6       366        12       367        12       441        12       443        12       444        12       506        12
         6       367        12       368        12       369        12       370        12       442        12       444        12
         6       370        12       442        12       443        12       445        12       506        12       507        12
         6       370        12       371        12       372        12       444        12       446        12       507        12
         6       372        12       445        12       447        12       504        12       507        12       508        12
         6       372        12       373        12       374        12       446        12       448        12       508        12
         6       374        12       447        12       449        12       502        12       508        12       509        12
         6       374        12       375        12       376        12       448        12       450        12       509        12
         6       376        12       449        12       451        12       509        12       510        12       511        12
         6       376        12       377        12       378        12       450        12       452        12       511        12
         6       378        12       451        12       453        12       511        12       512        12       513        12
         6       378        12       379        12       380        12       452        12       454        12       513        12
         6       380        12       453        12       455        12       456        12       513        12       514        12
         6       380        12       381        12       382        12       383        12       454        12       456        12
         6       383        12       384        12       454        12       455        12       457        12       514        12
         6       384        12       385        12       456        12       458        12       459        12       514        12
         6       385        12       386        12       387        12       388        12       457        12       459        12
         6       388        12       457        12       458        12       460        12       514        12       515        12
         6       388        12       389        12       390        12       459        12       461        12       515        12
         6       390        12       460        12       462        12       512        12       515        12       516        12
         6       390        12       391        12       392        12       461        12       463        12       516        12
         6       392        12       434        12       462        12       501        12       510        12       516        12
         6       665        12       666        12       667        12       668        12       669        12       686        12
         6       661        12       662        12       664        12       666        12       683        12       684        12
         6       467        13       520        13       662        12       663        11       680        12       682        11
         7       395        13       396        14       466        13       468        13       520        14       521        13       682        12
         6       396        13       397        12       398        12       467        13       469        12       521        12
         6       398        12       400        12       401        12       468        12       470        12       521        12
         6       401        12       402        12       469        12       471        12       521        12       522        12
         6       402        12       403        12       470        12       472        12       522        12       523        12
         6       403        12       404        12       471        12       473        12       523        12       524        12
         6       404        12       405        12       472        12       474        12       524        12       525        12
         6       405        12       406        12       473        12       475        12       525        12       526        12
         6       406        12       407        12       474        12       476        12       526        12       527        12
         6       407        12       408        12       475        12       477        12       527        12       528        12
         6       408        12       409        12       476        12       478        12       528        12       529        12
         6       409        12       410        12       477        12       479        12       529        12       530        12
         6       410        12       411        12       478        12       480        12       530        12       531        12
         6       411        12       412        12       479        12       481        12       531        12       532        12
         6       412        12       413        11       480        12       482         9       532        12       533        11
         3       413         8       481         9       533         8
         5       414        11       415         8       484        11       534        11       535         8
         6       414        12       416        12       483        11       485        12       534        12       536        12
         6       416        12       417        12       484        12       486        12       536        12       537        12
         6       417        12       418        12       485        12       487        12       537        12       538        12
         6       418        12       419        12       486        12       488        12       538        12       539        12
         6       419        12       420        12       487        12       489        12       539        12       540        12
         6       420        12       421        12       488        12       490        12       540        12       541        12
         6       421        12       422        12       489        12       491        12       541        12       542        12
         6       422        12       423        12       490        12       492        12       542        12       543        12
         6       423        12       424        12       491        12       493        12       543        12       544        12
         6       424        12       425        12       492        12       494        12       544        12       545        13
         6       425        12       426        12       493        12       495        12       496        13       545        13
         6       426        12       427        12       428        12       429        13       494        12       496        13
         7       429        14       430        13       494        13       495        13       497        13       545        14       678        12
         6       496        13       545        13       659        11       660        12       677        12       678        11
         6       655        12       656        12       657        12       660        12       674        12       675        12
         6       650        12       651        12       652        12       653        12       655        12       673        12
         6       648        12       649        12       651        12       668        12       670        12       671        12
         6       434        12       435        12       463        12       502        12       509        12       510        12
         6       435        12       448        12       501        12       503        12       508        12       509        12
         6       435        12       436        12       437        12       502        12       504        12       508        12
         6       437        12       446        12       503        12       505        12       507        12       508        12
         6       437        12       438        12       439        12       504        12       506        12       507        12
         6       439        12       441        12       442        12       444        12       505        12       507        12
         6       444        12       445        12       446        12       504        12       505        12       506        12
         6       446        12       447        12       448        12       502        12       503        12       504        12
         6       448        12       449        12       450        12       501        12       502        12       510        12
         6       450        12       463        12       501        12       509        12       511        12       516        12
         6       450        12       451        12       452        12       510        12       512        12       516        12
         6       452        12       461        12       511        12       513        12       515        12       516        12
         6       452        12       453        12       454        12       512        12       514        12       515        12
         6       454        12       456        12       457        12       459        12       513        12       515        12
         6       459        12       460        12       461        12       512        12       513        12       514        12
         6       461        12       462        12       463        12       510        12       511        12       512        12
         6       643        12       644        12       646        12       647        12       649        12       667        12
         6       638        12       639        12       641        12       644        12       664        12       665        12
         6       520        13       553        13       639        12       640        11       661        12       663        11
         7       466        13       467        14       519        13       521        13       522        13       553        14       663        12
         6       467        13       468        12       469        12       470        12       520        13       522        12
         6       470        12       471        12       520        13       521        12       523        12       553        13
         6       471        12       472        12       522        12       524        12       553        13       554        12
         6       472        12       473        12       523        12       525        12       554        12       555        12
         6       473        12       474        12       524        12       526        12       555        12       556        12
         6       474        12       475        12       525        12       527        12       556        12       557        12
         6       475        12       476        12       526        12       528        12       557        12       558        12
         6       476        12       477        12       527        12       529        12       558        12       559        12
         6       477        12       478        12       528        12       530        12       559        12       560        12
         6       478        12       479        12       529        12       531        12       560        12       561        12
         6       479        12       480        12       530        12       532        12       561        12       562        12
         6       480        12       481        12       531        12       533        11       562        12       563        12
         5       481        11       482         8       532        11       563        11       564         8
         6       483        11       484        12       535         9       536        12       565        11       566        12
         3       483         8       534         9       565         8
         6       484        12       485        12       534        12       537        12       566        12       567        12
         6       485        12       486        12       536        12       538        12       567        12       568        12
         6       486        12       487        12       537        12       539        12       568        12       569        12
         6       487        12       488        12       538        12       540        12       569        12       570        12
         6       488        12       489        12       539        12       541        12       570        12       571        12
         6       489        12       490        12       540        12       542        12       571        12       572        12
         6       490        12       491        12       541        12       543        12       572        12       573        12
         6       491        12       492        12       542        12       544        12       573        12       574        13
         6       492        12       493        12       543        12       545        13       546        12       574        13
         7       493        13       494        13       496        14       497        13       544        13       546        13       659        12
         6       544        12       545        13       574        13       657        12       658        11       659        11
         6       574        13       575        13       653        12       654        11       656        12       658        11
         6       575        13       576        13       636        11       637        12       652        12       654        11
         6       633        12       634        12       637        12       647        12       648        12       650        12
         6       578        13       579        13       634        12       635        11       645        11       646        12
         6       579        13       580        13       641        12       642        11       643        12       645        11
         6       553        13       554        12       580        13       638        12       640        11       642        11
         7       519        13       520        14       522        13       523        13       552        13       554        13       640        12
         6       523        12       524        12       552        12       553        13       555        12       580        13
         6       524        12       525        12       554        12       556        12       580        13       581        12
         6       525        12       526        12       555        12       557        12       581        12       582        12
         6       526        12       527        12       556        12       558        12       582        12       583        12
         6       527        12       528        12       557        12       559        12       583        12       584        12
         6       528        12       529        12       558        12       560        12       584        12       585        12
         6       529        12       530        12       559        12       561        12       585        12       586        12
         6       530        12       531        12       560        12       562        12       586        12       587        12
         6       531        12       532        12       561        12       563        12       587        12       588        12
         6       532        12       533        11       562        12       564         9       588        12       589        11
         3       533         8       563         9       589         8
         5       534        11       535         8       566        11       590        11       591         8
         6       534        12       536        12       565        11       567        12       590        12       592        12
         6       536        12       537        12       566        12       568        12       592        12       593        12
         6       537        12       538        12       567        12       569        12       593        12       594        12
         6       538        12       539        12       568        12       570        12       594        12       595        12
         6       539        12       540        12       569        12       571        12       595        12       596        12
         6       540        12       541        12       570        12       572        12       596        12       597        12
         6       541        12       542        12       571        12       573        12       597        12       598        12
         6       542        12       543        12       572        12       574        13       575        13       598        12
         7       543        13       544        13       546        13       547        13       573        13       575        14       658        12
         7       547        13       548        13       573        13       574        14       576        14       598        13       654        12
         7       548        13       575        14       577        13       598        13       599        13       600        13       636        12
         6       576        13       578        13       600        12       633        12       635        11       636        11
         7       550        13       577        13       579        14       600        13       601        13       602        13       635        12
         7       550        13       551        13       578        14       580        14       581        13       602        13       645        12
         7       551        13       552        13       554        13       555        13       579        14       581        13       642        12
         6       555        12       556        12       579        13       580        13       582        12       602        12
         6       556        12       557        12       581        12       583        12       602        12       603        12
         6       557        12       558        12       582        12       584        12       603        12       604        12
         6       558        12       559        12       583        12       585        12       604        12       605        12
         6       559        12       560        12       584        12       586        12       605        12       606        12
         6       560        12       561        12       585        12       587        12       606        12       607        12
         6       561        12       562        12       586        12       588        12       607        12       608        12
         6       562        12       563        12       587        12       589        11       608        12       609        12
         5       563        11       564         8       588        11       609        11       610         8
         6       565        11       566        12       591         9       592        12       611        11       612        12
         3       565         8       590         9       611         8
         6       566        12       567        12       590        12       593        12       612        12       613        12
         6       567        12       568        12       592        12       594        12       613        12       614        12
         6       568        12       569        12       593        12       595        12       614        12       615        12
         6       569        12       570        12       594        12       596        12       615        12       616        12
         6       570        12       571        12       595        12       597        12       616        12       617        12
         6       571        12       572        12       596        12       598        12       599        12       617        12
         6       572        12       573        12       575        13       576        13       597        12       599        12
         6       576        13       597        12       598        12       600        12       617        12       618        12
         6       576        13       577        12       578        13       599        12       601        12       618        12
         6       578        13       600        12       602        12       603        12       618        12       619        12
         6       578        13       579        13       581        12       582        12       601        12       603        12
         6       582        12       583        12       601        12       602        12       604        12       619        12
         6       583        12       584        12       603        12       605        12       619        12       620        12
         6       584        12       585        12       604        12       606        12       620        12       621        12
         6       585        12       586        12       605        12       607        12       621        12       622        12
         6       586        12       587        12       606        12       608        12       622        12       623        12
         6       587        12       588        12       607        12       609        12       623        12       624        12
         6       588        12       589        11       608        12       610         9       624        12       625        11
         3       589         8       609         9       625         8
         5       590        11       591         8       612        11       626        11       627         8
         6       590        12       592        12       611        11       613        12       626        12       628        12
         6       592        12       593        12       612        12       614        12       628        12       629        12
         6       593        12       594        12       613        12       615        12       629        12       630        12
         6       594        12       595        12       614        12       616        12       630        12       631        12
         6       595        12       596        12       615        12       617        12       631        12       632        12
         6       596        12       597        12       599        12       616        12       618        12       632        12
         6       599        12       600        12       601        12       617        12       619        12       632        12
         6       601        12       603        12       604        12       618        12       620        12       632        12
         6       604        12       605        12       619        12       621        12       631        12       632        12
         6       605        12       606        12       620        12       622        12       630        12       631        12
         6       606        12       607        12       621        12       623        12       629        12       630        12
         6       607        12       608        12       622        12       624        12       628        12       629        12
         6       608        12       609        12       623        12       625        11       626        12       628        12
         5       609        11       610         8       624        11       626        11       627         8
         6       611        11       612        12       624        12       625        11       627         9       628        12
         3       611         8       625         8       626         9
         6       612        12       613        12       623        12       624        12       626        12       629        12
         6       613        12       614        12       622        12       623        12       628        12       630        12
         6       614        12       615        12       621        12       622        12       629        12       631        12
         6       615        12       616        12       620        12       621        12       630        12       632        12
         6       616        12       617        12       618        12       619        12       620        12       631        12
         6       549        12       577        12       634        12       635        11       636        11       637        12
         6       549        12       550        12       633        12       635        11       646        12       647        12
         5       550        11       577        11       578        12       633        11       634        11
         5       548        11       576        12       577        11       633        11       637        11
         6       548        12       549        12       633        12       636        11       650        12       652        12
         6       518        12       552        12       639        12       640        11       641        12       642        11
         6       518        12       519        12       638        12       640        11       661        12       664        12
         5       519        11       552        11       553        12       638        11       639        11
         6       518        12       551        12       638        12       642        11       643        12       644        12
         5       551        11       552        11       580        12       638        11       641        11
         6       517        12       551        12       641        12       644        12       645        11       646        12
         6       517        12       518        12       641        12       643        12       665        12       667        12
         5       550        11       551        11       579        12       643        11       646        11
         6       517        12       550        12       634        12       643        12       645        11       647        12
         6       517        12       549        12       634        12       646        12       648        12       649        12
         6       500        12       549        12       647        12       649        12       650        12       651        12
         6       500        12       517        12       647        12       648        12       667        12       668        12
         6       499        12       549        12       637        12       648        12       651        12       652        12
         6       499        12       500        12       648        12       650        12       671        12       673        12
         6       499        12       548        12       637        12       650        12       653        12       654        11
         6       499        12       547        12       652        12       654        11       655        12       656        12
         5       547        11       548        11       575        12       652        11       653        11
         6       498        12       499        12       653        12       656        12       673        12       674        12
         6       498        12       547        12       653        12       655        12       657        12       658        11
         6       498        12       546        12       656        12       658        11       659        11       660        12
         5       546        11       547        11       574        12       656        11       657        11
         5       497        11       545        12       546        11       657        11       660        11
         6       497        12       498        12       657        12       659        11       675        12       677        12
         6       465        12       519        12       639        12       662        12       663        11       664        12
         6       465        12       466        12       661        12       663        11       680        12       683        12
         5       466        11       519        11       520        12       661        11       662        11
         6       465        12       518        12       639        12       661        12       665        12       666        12
         6       464        12       518        12       644        12       664        12       666        12       667        12
         6       464        12       465        12       664        12       665        12       684        12       686        12
         6       464        12       517        12       644        12       649        12       665        12       668        12
         6       464        12       500        12       649        12       667        12       669        12       670        12
         6       433        12       464        12       668        12       670        12       686        12       687        12
         6       433        12       500        12       668        12       669        12       671        12       672        12
         6       432        12       500        12       651        12       670        12       672        12       673        12
         6       432        12       433        12       670        12       671        12       690        12       692        12
         6       432        12       499        12       651        12       655        12       671        12       674        12
         6       432        12       498        12       655        12       673        12       675        12       676        12
         6       431        12       498        12       660        12       674        12       676        12       677        12
         6       431        12       432        12       674        12       675        12       692        12       693        12
         6       431        12       497        12       660        12       675        12       678        11       679        12
         5       430        11       496        12       497        11       677        11       679        11
         6       430        12       431        12       677        12       678        11       694        12       696        12
         6       394        12       466        12       662        12       681        12       682        11       683        12
         6       394        12       395        12       680        12       682        11       701        12       702        12
         5       395        11       466        11       467        12       680        11       681        11
         6       394        12       465        12       662        12       680        12       684        12       685        12
         6       393        12       465        12       666        12       683        12       685        12       686        12
         6       393        12       394        12       683        12       684        12       703        12       705        12
         6       393        12       464        12       666        12       669        12       684        12       687        12
         6       393        12       433        12       669        12       686        12       688        12       689        12
         6       356        12       393        12       687        12       689        12       705        12       706        12
         6       356        12       433        12       687        12       688        12       690        12       691        12
         6       355        12       433        12       672        12       689        12       691        12       692        12
         6       355        12       356        12       689        12       690        12       709        12       711        12
         6       355        12       432        12       672        12       676        12       690        12       693        12
         6       355        12       431        12       676        12       692        12       694        12       695        12
         6       354        12       431        12       679        12       693        12       695        12       696        12
         6       354        12       355        12       693        12       694        12       711        12       712        12
         6       354        12       430        12       679        12       694        12       697        11       698        12
         5       353        11       429        12       430        11       696        11       698        11
         6       353        12       354        12       696        12       697        11       713        12       715        12
         6       312        12       313        12       700        11       701        12       718        12       719        12
         5       313        11       395        11       396        12       699        11       701        11
         6       312        12       395        12       681        12       699        12       700        11       702        12
         6       312        12       394        12       681        12       701        12       703        12       704        12
         6       311        12       394        12       685        12       702        12       704        12       705        12
         6       311        12       312        12       702        12       703        12       720        12       722        12
         6       311        12       393        12       685        12       688        12       703        12       706        12
         6       311        12       356        12       688        12       705        12       707        12       708        12
         6       264        12       356        12       706        12       708        12       709        12       710        12
         6       264        12       311        12       706        12       707        12       722        12       723        12
         6       263        12       356        12       691        12       707        12       710        12       711        12
         6       263        12       264        12       707        12       709        12       726        12       728        12
         6       263        12       355        12       691        12       695        12       709        12       712        12
         6       263        12       354        12       695        12       711        12       713        12       714        12
         6       262        12       354        12       698        12       712        12       714        12       715        12
         6       262        12       263        12       712        12       713        12       728        12       729        12
         6       262        12       353        12       698        12       713        12       716        11       717        12
         5       261        11       352        12       353        11       715        11       717        11
         6       261        12       262        12       715        12       716        11       730        12       732        12
         6       215        11       312        12       699        12       719        12       720        12       721        12
         6       215        11       313        12       314        13       699        12       718        12       741        12
         6       214        13       312        12       704        12       718        12       721        12       722        12
         6       214        13       215        11       718        12       720        12       740        12       742        12
         6       214        13       311        12       704        12       708        12       720        12       723        12
         6       214        13       264        12       708        12       722        12       724        12       725        12
         6       156        12       264        12       723        12       725        12       726        12       727        12
         6       156        12       214        13       723        12       724        12       743        12       745        12
         6       155        13       264        12       710        12       724        12       727        12       728        12
         6       155        13       156        12       724        12       726        12       784        12       785        12
         6       155        13       263        12       710        12       714        12       726        12       729        12
         6       155        13       262        12       714        12       728        12       730        12       731        12
         6       154        11       262        12       717        12       729        12       731        12       732        12
         6       154        11       155        13       729        12       730        12       787        12       788        12
         6       154        11       260        13       261        12       717        12       730        12       789        12
         6       102        10       104        11       734        10       735        10       736        12       737        11
         4       102         8       103         6       733        10       735         8
         4       103         6       104         9       733        10       734         8
         6       102        10       216        12       733        12       737        11       738        12       739        10
         5       104        10       216        11       217        12       733        11       736        11
         6       101        11       216        12       736        12       739        10       740        12       741        12
         4       101         9       102         8       736        10       738        10
         6       101        11       215        11       721        12       738        12       741        12       742        12
         6       215        11       216        12       314        13       719        12       738        12       740        12
         6       101        11       214        13       721        12       740        12       743        12       744        10
         6       100        11       214        13       725        12       742        12       744        10       745        12
         4       100         9       101         9       742        10       743        10
         6       100        11       156        12       725        12       743        12       746        12       747        12
         6       156        12       157        12       745        12       747        12       783        12       784        12
         6       100        11       157        12       745        12       746        12       748        12       749        10
         6        99        10       157        12       747        12       749        10       750        12       751        12
         4        99         8       100         9       747        10       748        10
         6       157        12       158        12       748        12       751        12       780        12       781        12
         6        99        10       158        12       748        12       750        12       752        12       753        10
         6        98        10       158        12       751        12       753        10       754        12       755        12
         4        98         8        99         8       751        10       752        10
         6       158        12       159        12       752        12       755        12       777        12       778        12
         6        98        10       159        12       752        12       754        12       756        12       757        10
         6        97        10       159        12       755        12       757        10       758        12       759        12
         4        97         8        98         8       755        10       756        10
         6       159        12       160        12       756        12       759        12       774        12       775        12
         6        97        10       160        12       756        12       758        12       760        12       761        10
         6        96        10       160        12       759        12       761        10       762        12       763        12
         4        96         8        97         8       759        10       760        10
         6       160        12       161        12       760        12       763        12       770        12       772        12
         6        96        10       161        12       760        12       762        12       764        12       765        10
         6        95        12       161        12       763        12       765        10       766        12       767        11
         4        95        10        96         8       763        10       764        10
         6       161        12       162        12       764        12       767        11       768        12       769        11
         5        95        11       162        11       213        12       764        11       766        11
         6        35        12       161        12       766        12       769        11       770        12       771        10
         5        35        11       162        11       163        12       766        11       768        11
         6        34        10       161        12       762        12       768        12       771        10       772        12
         4        34         8        35        10       768        10       770        10
         6        34        10       160        12       762        12       770        12       773        10       774        12
         4        33         8        34         8       772        10       774        10
         6        33        10       160        12       758        12       772        12       773        10       775        12
         6        33        10       159        12       758        12       774        12       776        10       777        12
         4        32         8        33         8       775        10       777        10
         6        32        10       159        12       754        12       775        12       776        10       778        12
         6        32        10       158        12       754        12       777        12       779        10       780        12
         4        31         8        32         8       778        10       780        10
         6        31        10       158        12       750        12       778        12       779        10       781        12
         6        31        10       157        12       750        12       780        12       782        10       783        12
         4        30         9        31         8       781        10       783        10
         6        30        11       157        12       746        12       781        12       782        10       784        12
         6        30        11       156        12       727        12       746        12       783        12       785        12
         6        30        11       155        13       727        12       784        12       786        10       787        12
         4        29         9        30         9       785        10       787        10
         6        29        11       155        13       731        12       785        12       786        10       788        12
         6        29        11       154        11       731        12       787        12       789        12       790        12
         6       153        12       154        11       260        13       732        12       788        12       790        12
         6        29        11       153        12       788        12       789        12       791        12       792        10
         6        28        10       153        12       790        12       792        10       795        12       796        11
         4        28         8        29         9       790        10       791        10
         4        26         9        27         6       794         8       795        10
         4        27         6        28         8       793         8       795        10
         6        26        11        28        10       791        12       793        10       794        10       796        11
         5        26        10       152        12       153        11       791        11       795        11
