         130
          0.00020367
          0.00020367
          0.00020370
          0.00020367
          0.00020367
          0.00030326
          0.00038173
          0.00038191
          0.00030325
          0.00038173
          0.00067685
          0.00067686
          0.00067689
          0.00067685
          0.00067689
          0.00096249
          0.00096251
          0.00096249
          0.00096249
          0.00096249
          0.00124576
          0.00124569
          0.00124567
          0.00124576
          0.00124567
          0.00152594
          0.00152584
          0.00152584
          0.00152594
          0.00152584
          0.00180234
          0.00180220
          0.00180222
          0.00180235
          0.00180222
          0.00207433
          0.00207416
          0.00207416
          0.00207432
          0.00207416
          0.00234139
          0.00234124
          0.00234124
          0.00234141
          0.00234124
          0.00260305
          0.00260289
          0.00260290
          0.00260303
          0.00260290
          0.00285872
          0.00285859
          0.00285860
          0.00285874
          0.00285860
          0.00310802
          0.00310789
          0.00310790
          0.00310800
          0.00310790
          0.00335050
          0.00335040
          0.00335041
          0.00335052
          0.00335040
          0.00358595
          0.00358583
          0.00358582
          0.00358593
          0.00358582
          0.00381397
          0.00381381
          0.00381380
          0.00381400
          0.00381380
          0.00403451
          0.00403422
          0.00403430
          0.00403448
          0.00403430
          0.00424723
          0.00424705
          0.00424711
          0.00424727
          0.00424711
          0.00445183
          0.00445180
          0.00445182
          0.00445180
          0.00445182
          0.00464827
          0.00464819
          0.00464837
          0.00464827
          0.00464837
          0.00483636
          0.00483557
          0.00483658
          0.00483639
          0.00483655
          0.00501468
          0.00501414
          0.00501456
          0.00501474
          0.00501454
          0.00518036
          0.00517919
          0.00517928
          0.00518038
          0.00517928
          0.00532926
          0.00532848
          0.00532875
          0.00532926
          0.00532875
          0.00545959
          0.00546120
          0.00546192
          0.00545960
          0.00546192
          0.00557512
          0.00560137
          0.00560401
          0.00557512
          0.00560401
          0.00563014
          0.00562742
          0.00563014
          0.00563014
          0.00563014
