           1           1      -0.0005343048791029
           1           2      -0.0005320847452652
           1           3      -0.0005239144917098
           1           4      -0.0005198325672333
           1           5      -0.0005144631636325
           1           6      -0.0005076645971540
           1           7      -0.0004999387518721
           1           8      -0.0004926101598328
           1           9      -0.0004846521041474
           1          10      -0.0004782895394671
           1          11      -0.0004683379153478
           1          12      -0.0004579135982941
           1          13      -0.0004514075679602
           1          14      -0.0004405320623451
           1          15      -0.0004272125927358
           1          16      -0.0004191476665778
           1          17      -0.0004076163736003
           1          18      -0.0003964438169494
           1          19      -0.0003853943351882
           1          20      -0.0003708545967683
           1          21      -0.0003620382516947
           1          22      -0.0003494694340752
           1          23      -0.0003373591164519
           1          24      -0.0003250053599635
           1          25      -0.0003115946634456
           1          26      -0.0002970901644018
           1          27      -0.0002826252584984
           1          28      -0.0002682942508247
           1          29      -0.0002527711520420
           1          30      -0.0002403237621874
           1          31      -0.0002265075056916
           1          32      -0.0002082198551220
           1          33      -0.0001955943078343
           1          34      -0.0001804000695462
           1          35      -0.0001656796887213
           1          36      -0.0001493996794693
           1          37      -0.0001339243789651
           1          38      -0.0001193452295677
           1          39      -0.0001027083132612
           1          40      -0.0000888040978248
           1          41      -0.0000724199906613
           1          42      -0.0000562743139102
           1          43      -0.0000405664734388
           1          44      -0.0000244652228783
           1          45      -0.0000087222503536
           1          46       0.0000073579257455
           1          47       0.0000237744142708
           1          48       0.0000423971901751
           1          49       0.0000553122544954
           1          50       0.0000719448324286
           1          51       0.0000901529896217
           1          52       0.0001029629832752
           1          53       0.0001195642889062
           1          54       0.0001343537982775
           1          55       0.0001506232271487
           1          56       0.0001674909994498
           1          57       0.0001795903677714
           1          58       0.0001965162316518
           1          59       0.0002097627593715
           1          60       0.0002260170141820
           1          61       0.0002420805280260
           1          62       0.0002538724624627
           1          63       0.0002680161445988
           1          64       0.0002846614662305
           1          65       0.0002957035523664
           1          66       0.0003093959545432
           1          67       0.0003224432928066
           1          68       0.0003370073807458
           1          69       0.0003492593145393
           1          70       0.0003610402086545
           1          71       0.0003717785030359
           1          72       0.0003869835714756
           1          73       0.0003970538700165
           1          74       0.0004085277216579
           1          75       0.0004174717474171
           1          76       0.0004297170849883
           1          77       0.0004383562024925
           1          78       0.0004500841109624
           1          79       0.0004595208202100
           1          80       0.0004678715749778
           1          81       0.0004776745206783
           1          82       0.0004843623321548
           1          83       0.0004933764315454
           1          84       0.0005022181969312
           1          85       0.0005063816304286
           1          86       0.0005140037052825
           1          87       0.0005204515907271
           1          88       0.0005249012460683
           1          89       0.0005313963949825
           1          90       0.0005357107807836
           1          91       0.0005400760997897
           1          92       0.0005455654201056
           1          93       0.0005488377945686
           1          94       0.0005509947210182
           1          95       0.0005548783768223
           1          96       0.0005564260025670
           1          97       0.0005589857180925
           1          98       0.0005602784644534
           1          99       0.0005625984152924
           1         100       0.0005624191985969
           1         101       0.0005604019701046
           2           1      -0.0005342085250645
           2           2      -0.0005317980534231
           2           3      -0.0005274028738997
           2           4      -0.0005223346839831
           2           5      -0.0005146924989676
           2           6      -0.0005088931728525
           2           7      -0.0005022516191778
           2           8      -0.0004935345008696
           2           9      -0.0004870878827197
           2          10      -0.0004798053883183
           2          11      -0.0004682037721786
           2          12      -0.0004617530891907
           2          13      -0.0004513355931025
           2          14      -0.0004403918149673
           2          15      -0.0004318881880716
           2          16      -0.0004199770299742
           2          17      -0.0004083803113727
           2          18      -0.0003987522054226
           2          19      -0.0003852039385995
           2          20      -0.0003755289152617
           2          21      -0.0003622728655535
           2          22      -0.0003486761546998
           2          23      -0.0003373477548827
           2          24      -0.0003245459891017
           2          25      -0.0003103831017772
           2          26      -0.0002976769098623
           2          27      -0.0002841154984150
           2          28      -0.0002705306171066
           2          29      -0.0002580196554681
           2          30      -0.0002426383540086
           2          31      -0.0002265976215931
           2          32      -0.0002129726691837
           2          33      -0.0001984748290656
           2          34      -0.0001823332958638
           2          35      -0.0001679218397407
           2          36      -0.0001520120533730
           2          37      -0.0001379708519296
           2          38      -0.0001225764941143
           2          39      -0.0001057641366956
           2          40      -0.0000906892928857
           2          41      -0.0000733183940253
           2          42      -0.0000586162812645
           2          43      -0.0000414719930665
           2          44      -0.0000268497382155
           2          45      -0.0000091810859269
           2          46       0.0000054701908015
           2          47       0.0000230383021154
           2          48       0.0000372127347402
           2          49       0.0000529228029532
           2          50       0.0000705216328688
           2          51       0.0000849449223397
           2          52       0.0001009392056922
           2          53       0.0001175044193767
           2          54       0.0001318214755814
           2          55       0.0001477673596992
           2          56       0.0001611221158130
           2          57       0.0001777566278708
           2          58       0.0001934664245102
           2          59       0.0002087292293503
           2          60       0.0002239257824178
           2          61       0.0002368389834351
           2          62       0.0002514310767503
           2          63       0.0002679283203251
           2          64       0.0002797804239812
           2          65       0.0002935853104680
           2          66       0.0003067589660922
           2          67       0.0003224144081324
           2          68       0.0003329152640793
           2          69       0.0003453390290867
           2          70       0.0003586276290481
           2          71       0.0003707433089616
           2          72       0.0003825680569542
           2          73       0.0003939313453306
           2          74       0.0004048762306884
           2          75       0.0004175598741412
           2          76       0.0004275076530456
           2          77       0.0004372607834746
           2          78       0.0004492221467890
           2          79       0.0004563118973126
           2          80       0.0004664048933389
           2          81       0.0004751199532714
           2          82       0.0004830673797370
           2          83       0.0004909246270082
           2          84       0.0004988987077938
           2          85       0.0005050133457287
           2          86       0.0005127472680920
           2          87       0.0005184640267134
           2          88       0.0005243897728760
           2          89       0.0005298524301922
           2          90       0.0005351827770967
           2          91       0.0005401773829574
           2          92       0.0005436962856101
           2          93       0.0005478846010806
           2          94       0.0005515220355595
           2          95       0.0005550502269635
           2          96       0.0005568731041555
           2          97       0.0005600353280159
           2          98       0.0005616688098140
           2          99       0.0005631121770418
           2         100       0.0005634091335760
           2         101       0.0005610834744742
           3           1      -0.0005336099146994
           3           2      -0.0005316947506647
           3           3      -0.0005261397121604
           3           4      -0.0005199244047605
           3           5      -0.0005134919198847
           3           6      -0.0005074175957388
           3           7      -0.0005002749193945
           3           8      -0.0004939717563255
           3           9      -0.0004852180184136
           3          10      -0.0004769373521516
           3          11      -0.0004692941999518
           3          12      -0.0004596904943386
           3          13      -0.0004505083670791
           3          14      -0.0004408586505493
           3          15      -0.0004297826784719
           3          16      -0.0004192774318477
           3          17      -0.0004101273421725
           3          18      -0.0003971191721905
           3          19      -0.0003864514623827
           3          20      -0.0003751081764604
           3          21      -0.0003619397534644
           3          22      -0.0003496136179571
           3          23      -0.0003358100461595
           3          24      -0.0003243324038070
           3          25      -0.0003116142740741
           3          26      -0.0002972468876279
           3          27      -0.0002845201703816
           3          28      -0.0002698089467271
           3          29      -0.0002565396947471
           3          30      -0.0002418758208489
           3          31      -0.0002280351573982
           3          32      -0.0002128538880481
           3          33      -0.0001965055154247
           3          34      -0.0001832103189859
           3          35      -0.0001669852515589
           3          36      -0.0001520094561691
           3          37      -0.0001369274082569
           3          38      -0.0001206746609508
           3          39      -0.0001060289603316
           3          40      -0.0000884386659682
           3          41      -0.0000742893905727
           3          42      -0.0000568189947750
           3          43      -0.0000427514695910
           3          44      -0.0000248283425012
           3          45      -0.0000109003444201
           3          46       0.0000064818895869
           3          47       0.0000227709861462
           3          48       0.0000391944485617
           3          49       0.0000546430776874
           3          50       0.0000698093634939
           3          51       0.0000855135447361
           3          52       0.0001019611672766
           3          53       0.0001160910581969
           3          54       0.0001327483247120
           3          55       0.0001480353438338
           3          56       0.0001653320757465
           3          57       0.0001792935319172
           3          58       0.0001936704449696
           3          59       0.0002090533906868
           3          60       0.0002232874382607
           3          61       0.0002398157367708
           3          62       0.0002532834662268
           3          63       0.0002661114021580
           3          64       0.0002807946527245
           3          65       0.0002941857472984
           3          66       0.0003094289435355
           3          67       0.0003208911077328
           3          68       0.0003331315022138
           3          69       0.0003481600504210
           3          70       0.0003600569195985
           3          71       0.0003708624832565
           3          72       0.0003835231509844
           3          73       0.0003954078808611
           3          74       0.0004074894266868
           3          75       0.0004179860755726
           3          76       0.0004273379985596
           3          77       0.0004392263158508
           3          78       0.0004479445259644
           3          79       0.0004580444813200
           3          80       0.0004671665017804
           3          81       0.0004763292687103
           3          82       0.0004846463042713
           3          83       0.0004911806808186
           3          84       0.0004998410542662
           3          85       0.0005057659213987
           3          86       0.0005134166409430
           3          87       0.0005200105665648
           3          88       0.0005242199666642
           3          89       0.0005312754400760
           3          90       0.0005354810863499
           3          91       0.0005401320318746
           3          92       0.0005448331169641
           3          93       0.0005489173487043
           3          94       0.0005526576753350
           3          95       0.0005554260632241
           3          96       0.0005580848860219
           3          97       0.0005600315230282
           3          98       0.0005617506105320
           3          99       0.0005634925667106
           3         100       0.0005634333171414
           3         101       0.0005620135858560
           4           1      -0.0005348878724876
           4           2      -0.0005321052613668
           4           3      -0.0005268738207567
           4           4      -0.0005212193632426
           4           5      -0.0005148487778071
           4           6      -0.0005084386892838
           4           7      -0.0005005604271131
           4           8      -0.0004936554201587
           4           9      -0.0004873197309489
           4          10      -0.0004785212279566
           4          11      -0.0004687794389653
           4          12      -0.0004603850046690
           4          13      -0.0004511798856371
           4          14      -0.0004409010615592
           4          15      -0.0004311607496011
           4          16      -0.0004203758185448
           4          17      -0.0004088217224116
           4          18      -0.0003981082228869
           4          19      -0.0003867256269225
           4          20      -0.0003742320785964
           4          21      -0.0003619222919502
           4          22      -0.0003497866167637
           4          23      -0.0003375564867965
           4          24      -0.0003253481635158
           4          25      -0.0003108745199826
           4          26      -0.0002974713701744
           4          27      -0.0002841985752268
           4          28      -0.0002709293524183
           4          29      -0.0002564848494800
           4          30      -0.0002419772783201
           4          31      -0.0002277038701635
           4          32      -0.0002129026812252
           4          33      -0.0001990660161233
           4          34      -0.0001832604489694
           4          35      -0.0001683244126167
           4          36      -0.0001529335530659
           4          37      -0.0001373204461011
           4          38      -0.0001221771706308
           4          39      -0.0001050712187478
           4          40      -0.0000904946705909
           4          41      -0.0000745955230538
           4          42      -0.0000586420020896
           4          43      -0.0000417871100227
           4          44      -0.0000266442445841
           4          45      -0.0000095826052159
           4          46       0.0000051639681183
           4          47       0.0000220797204670
           4          48       0.0000358086532935
           4          49       0.0000522408035737
           4          50       0.0000688313740578
           4          51       0.0000847436673492
           4          52       0.0000995597704329
           4          53       0.0001164062640663
           4          54       0.0001315519666000
           4          55       0.0001487239680336
           4          56       0.0001622825374617
           4          57       0.0001768748314996
           4          58       0.0001934989865904
           4          59       0.0002078472711436
           4          60       0.0002251001307430
           4          61       0.0002372347139283
           4          62       0.0002513766295399
           4          63       0.0002670312766447
           4          64       0.0002807311666878
           4          65       0.0002946179602363
           4          66       0.0003070695074957
           4          67       0.0003208329548083
           4          68       0.0003349339390105
           4          69       0.0003460943862273
           4          70       0.0003587484024919
           4          71       0.0003718635131462
           4          72       0.0003826275662472
           4          73       0.0003951648386324
           4          74       0.0004061935608898
           4          75       0.0004163882408980
           4          76       0.0004278693127250
           4          77       0.0004381621231184
           4          78       0.0004469576874533
           4          79       0.0004576088817855
           4          80       0.0004672843745512
           4          81       0.0004740971681955
           4          82       0.0004835814028424
           4          83       0.0004916244793761
           4          84       0.0004982853458066
           4          85       0.0005064459338631
           4          86       0.0005139152700128
           4          87       0.0005176634933808
           4          88       0.0005248279077076
           4          89       0.0005302701290332
           4          90       0.0005350517017857
           4          91       0.0005399537633799
           4          92       0.0005442622144384
           4          93       0.0005486617232752
           4          94       0.0005511954279482
           4          95       0.0005538144851827
           4          96       0.0005575488449317
           4          97       0.0005595377904666
           4          98       0.0005619144850733
           4          99       0.0005628704534108
           4         100       0.0005631502219522
           4         101       0.0005616541039841
           5           1      -0.0005344586358762
           5           2      -0.0005314896474406
           5           3      -0.0005256243018449
           5           4      -0.0005205628442086
           5           5      -0.0005148807460945
           5           6      -0.0005065434613897
           5           7      -0.0005000285841654
           5           8      -0.0004937427676364
           5           9      -0.0004847277722651
           5          10      -0.0004766739752451
           5          11      -0.0004685244381262
           5          12      -0.0004588168194403
           5          13      -0.0004499883423079
           5          14      -0.0004406918335634
           5          15      -0.0004313283725218
           5          16      -0.0004195519285356
           5          17      -0.0004095521306973
           5          18      -0.0003973144873813
           5          19      -0.0003863366436826
           5          20      -0.0003739679534355
           5          21      -0.0003619414241235
           5          22      -0.0003496540529979
           5          23      -0.0003382905991032
           5          24      -0.0003230076863108
           5          25      -0.0003110545993514
           5          26      -0.0002974563327911
           5          27      -0.0002837037450418
           5          28      -0.0002702185914765
           5          29      -0.0002559396617483
           5          30      -0.0002410300970654
           5          31      -0.0002277235739111
           5          32      -0.0002123129181447
           5          33      -0.0001970049141301
           5          34      -0.0001824409960579
           5          35      -0.0001670896611676
           5          36      -0.0001517774455882
           5          37      -0.0001366422780603
           5          38      -0.0001197595917505
           5          39      -0.0001059318476877
           5          40      -0.0000905752909129
           5          41      -0.0000739558378564
           5          42      -0.0000576995474243
           5          43      -0.0000422856666232
           5          44      -0.0000263078244953
           5          45      -0.0000092746218310
           5          46       0.0000069688411542
           5          47       0.0000211511396818
           5          48       0.0000387647536708
           5          49       0.0000533288209558
           5          50       0.0000696295193209
           5          51       0.0000856330445515
           5          52       0.0001029339061930
           5          53       0.0001166220539566
           5          54       0.0001335488950403
           5          55       0.0001485759536580
           5          56       0.0001636509306517
           5          57       0.0001797592920788
           5          58       0.0001935797562255
           5          59       0.0002097946199497
           5          60       0.0002234909872607
           5          61       0.0002383099025802
           5          62       0.0002539792905268
           5          63       0.0002661455514667
           5          64       0.0002800885327850
           5          65       0.0002950935818403
           5          66       0.0003093531152663
           5          67       0.0003220934603875
           5          68       0.0003330934479884
           5          69       0.0003462244203150
           5          70       0.0003614048952357
           5          71       0.0003712670129074
           5          72       0.0003826068558998
           5          73       0.0003952249532251
           5          74       0.0004067541920278
           5          75       0.0004183125775176
           5          76       0.0004279571345298
           5          77       0.0004377673104924
           5          78       0.0004490574647737
           5          79       0.0004579930156839
           5          80       0.0004663403144676
           5          81       0.0004746130983822
           5          82       0.0004850074127826
           5          83       0.0004912019658117
           5          84       0.0005002888259117
           5          85       0.0005069072467597
           5          86       0.0005112166137652
           5          87       0.0005197620222513
           5          88       0.0005257687249803
           5          89       0.0005305388842556
           5          90       0.0005359545487856
           5          91       0.0005404065202638
           5          92       0.0005452286960607
           5          93       0.0005477685207802
           5          94       0.0005518702886786
           5          95       0.0005557799674232
           5          96       0.0005582471564907
           5          97       0.0005595324223946
           5          98       0.0005623676667773
           5          99       0.0005631943979711
           5         100       0.0005637746675540
           5         101       0.0005613461276485
           6           1      -0.0005324970404671
           6           2      -0.0005310670550246
           6           3      -0.0005255703101080
           6           4      -0.0005211291042524
           6           5      -0.0005140127410910
           6           6      -0.0005078814913940
           6           7      -0.0005008613210287
           6           8      -0.0004943583517761
           6           9      -0.0004855327599579
           6          10      -0.0004799453500204
           6          11      -0.0004688717000596
           6          12      -0.0004606347312264
           6          13      -0.0004526623121516
           6          14      -0.0004426030227968
           6          15      -0.0004312230587098
           6          16      -0.0004204150689221
           6          17      -0.0004100416660411
           6          18      -0.0003986189162497
           6          19      -0.0003872889597012
           6          20      -0.0003760423756801
           6          21      -0.0003639561314870
           6          22      -0.0003513756020917
           6          23      -0.0003352515782077
           6          24      -0.0003244414855674
           6          25      -0.0003125519015550
           6          26      -0.0002979846456093
           6          27      -0.0002849765951378
           6          28      -0.0002718841928137
           6          29      -0.0002578137397249
           6          30      -0.0002460114514061
           6          31      -0.0002299282528586
           6          32      -0.0002142902916993
           6          33      -0.0002011019383574
           6          34      -0.0001862766755330
           6          35      -0.0001691850198674
           6          36      -0.0001553084336322
           6          37      -0.0001388199776471
           6          38      -0.0001256196030143
           6          39      -0.0001077489769511
           6          40      -0.0000911360257177
           6          41      -0.0000756306419366
           6          42      -0.0000607365856688
           6          43      -0.0000452769679933
           6          44      -0.0000284233885721
           6          45      -0.0000117022227177
           6          46       0.0000013704565595
           6          47       0.0000200515501768
           6          48       0.0000357655008540
           6          49       0.0000513073891460
           6          50       0.0000691881212228
           6          51       0.0000845053397266
           6          52       0.0000959381472149
           6          53       0.0001140494770993
           6          54       0.0001312074592388
           6          55       0.0001441856090339
           6          56       0.0001612099987743
           6          57       0.0001737809094379
           6          58       0.0001926163858363
           6          59       0.0002070454710928
           6          60       0.0002208455142745
           6          61       0.0002380802250139
           6          62       0.0002493375940360
           6          63       0.0002638291758456
           6          64       0.0002794278452196
           6          65       0.0002921339842109
           6          66       0.0003069088839234
           6          67       0.0003167421785322
           6          68       0.0003310480533901
           6          69       0.0003479477648371
           6          70       0.0003568434704597
           6          71       0.0003706757362036
           6          72       0.0003835890145845
           6          73       0.0003932261059862
           6          74       0.0004052828949198
           6          75       0.0004142864728652
           6          76       0.0004259861237612
           6          77       0.0004379959355874
           6          78       0.0004458982290982
           6          79       0.0004562359284127
           6          80       0.0004671469247108
           6          81       0.0004747053847614
           6          82       0.0004824586073021
           6          83       0.0004908325983065
           6          84       0.0004983971201022
           6          85       0.0005048509309949
           6          86       0.0005130823817386
           6          87       0.0005186266069913
           6          88       0.0005231278371928
           6          89       0.0005290225580699
           6          90       0.0005346527740629
           6          91       0.0005388763191870
           6          92       0.0005437740765338
           6          93       0.0005478144810983
           6          94       0.0005517993552333
           6          95       0.0005547114304009
           6          96       0.0005563305728724
           6          97       0.0005606533641515
           6          98       0.0005621153494514
           6          99       0.0005624297912695
           6         100       0.0005643835456283
           6         101       0.0005627395986259
