           1           1      -0.0005333886116984
           1           2      -0.0005317484261986
           1           3      -0.0005234227623033
           1           4      -0.0005203064861724
           1           5      -0.0005134693543641
           1           6      -0.0005074010520685
           1           7      -0.0005005113333035
           1           8      -0.0004908632076035
           1           9      -0.0004859871892297
           1          10      -0.0004775841902268
           1          11      -0.0004676116482483
           1          12      -0.0004574111283357
           1          13      -0.0004517256714203
           1          14      -0.0004390870460656
           1          15      -0.0004258513068063
           1          16      -0.0004177338078069
           1          17      -0.0004074173743955
           1          18      -0.0003959076034783
           1          19      -0.0003846912433225
           1          20      -0.0003710618546038
           1          21      -0.0003600413462581
           1          22      -0.0003495711454980
           1          23      -0.0003375396592660
           1          24      -0.0003248904788254
           1          25      -0.0003110189834964
           1          26      -0.0002971303277941
           1          27      -0.0002835441687267
           1          28      -0.0002658066700755
           1          29      -0.0002540820799208
           1          30      -0.0002385014226340
           1          31      -0.0002255544788272
           1          32      -0.0002098074973540
           1          33      -0.0001924720248907
           1          34      -0.0001810245224678
           1          35      -0.0001668580068688
           1          36      -0.0001459847804740
           1          37      -0.0001353620775842
           1          38      -0.0001178789748136
           1          39      -0.0001024135156070
           1          40      -0.0000891260825416
           1          41      -0.0000719194288609
           1          42      -0.0000569826272950
           1          43      -0.0000399936238283
           1          44      -0.0000252591572580
           1          45      -0.0000082040176584
           1          46       0.0000069997025787
           1          47       0.0000267931154017
           1          48       0.0000408435554588
           1          49       0.0000571878030743
           1          50       0.0000736991101902
           1          51       0.0000885902546808
           1          52       0.0001058671712016
           1          53       0.0001192761871631
           1          54       0.0001342833871794
           1          55       0.0001525274531632
           1          56       0.0001658438374796
           1          57       0.0001827445789393
           1          58       0.0001961626041258
           1          59       0.0002088992752099
           1          60       0.0002287589158125
           1          61       0.0002403536726028
           1          62       0.0002557742874102
           1          63       0.0002686583662758
           1          64       0.0002832243550949
           1          65       0.0002986624276585
           1          66       0.0003086923020082
           1          67       0.0003221233902713
           1          68       0.0003393653662033
           1          69       0.0003481960545559
           1          70       0.0003622929335293
           1          71       0.0003726613434366
           1          72       0.0003854933706785
           1          73       0.0003990243805666
           1          74       0.0004075224284440
           1          75       0.0004175815183116
           1          76       0.0004301250085909
           1          77       0.0004384456815775
           1          78       0.0004515382993501
           1          79       0.0004599742740496
           1          80       0.0004678630102435
           1          81       0.0004781292045056
           1          82       0.0004850851322132
           1          83       0.0004927764900146
           1          84       0.0005028091220452
           1          85       0.0005064888222469
           1          86       0.0005140080565415
           1          87       0.0005206277673450
           1          88       0.0005249778669230
           1          89       0.0005315788649007
           1          90       0.0005360965292623
           1          91       0.0005398922060878
           1          92       0.0005460355789941
           1          93       0.0005489359035314
           1          94       0.0005512551347387
           1          95       0.0005556363168612
           1          96       0.0005564158803067
           1          97       0.0005596008170733
           1          98       0.0005607733308429
           1          99       0.0005628302563494
           1         100       0.0005622146843576
           1         101       0.0005610766533201
           2           1      -0.0005339423543706
           2           2      -0.0005319555604350
           2           3      -0.0005273685678508
           2           4      -0.0005227487955432
           2           5      -0.0005142853102497
           2           6      -0.0005092121845357
           2           7      -0.0005021865167166
           2           8      -0.0004933268373461
           2           9      -0.0004876623052535
           2          10      -0.0004790314815533
           2          11      -0.0004685126176872
           2          12      -0.0004622701536035
           2          13      -0.0004507011541369
           2          14      -0.0004410186958079
           2          15      -0.0004320392605304
           2          16      -0.0004192714202664
           2          17      -0.0004099779744440
           2          18      -0.0003978052264608
           2          19      -0.0003847779623679
           2          20      -0.0003768681162557
           2          21      -0.0003621191367876
           2          22      -0.0003478645928637
           2          23      -0.0003388379136689
           2          24      -0.0003223133876577
           2          25      -0.0003122217484176
           2          26      -0.0002965349842031
           2          27      -0.0002847037157257
           2          28      -0.0002705827911072
           2          29      -0.0002578339061966
           2          30      -0.0002424261629103
           2          31      -0.0002269957299880
           2          32      -0.0002127715291391
           2          33      -0.0001986225551051
           2          34      -0.0001821631133652
           2          35      -0.0001676479420108
           2          36      -0.0001518494954834
           2          37      -0.0001386536324914
           2          38      -0.0001223333235829
           2          39      -0.0001058709497506
           2          40      -0.0000912342072365
           2          41      -0.0000727816821097
           2          42      -0.0000593994385638
           2          43      -0.0000408446914624
           2          44      -0.0000276085339846
           2          45      -0.0000087187146744
           2          46       0.0000046239830459
           2          47       0.0000237738095625
           2          48       0.0000366630568716
           2          49       0.0000529907513878
           2          50       0.0000705131627450
           2          51       0.0000850189898368
           2          52       0.0001007109337399
           2          53       0.0001166703678142
           2          54       0.0001317782283563
           2          55       0.0001481965822962
           2          56       0.0001613960353936
           2          57       0.0001768024308470
           2          58       0.0001937311388035
           2          59       0.0002086962719104
           2          60       0.0002240081238576
           2          61       0.0002372568006234
           2          62       0.0002508590792764
           2          63       0.0002679805868977
           2          64       0.0002799496845889
           2          65       0.0002930236399082
           2          66       0.0003070249249926
           2          67       0.0003221556375527
           2          68       0.0003320976392797
           2          69       0.0003467288203952
           2          70       0.0003575470598555
           2          71       0.0003709316833485
           2          72       0.0003834075744786
           2          73       0.0003929948275636
           2          74       0.0004057403986128
           2          75       0.0004173592427716
           2          76       0.0004275418343314
           2          77       0.0004370213917840
           2          78       0.0004493169496180
           2          79       0.0004557305501504
           2          80       0.0004657556567565
           2          81       0.0004764048966280
           2          82       0.0004817800286917
           2          83       0.0004914534923652
           2          84       0.0004991386682117
           2          85       0.0005044993878215
           2          86       0.0005132319096429
           2          87       0.0005184238274681
           2          88       0.0005242039138676
           2          89       0.0005302632207222
           2          90       0.0005349998167928
           2          91       0.0005399009174727
           2          92       0.0005439538184894
           2          93       0.0005477957715536
           2          94       0.0005516009777573
           2          95       0.0005550153252503
           2          96       0.0005566202911671
           2          97       0.0005599948382668
           2          98       0.0005615806448735
           2          99       0.0005627219488334
           2         100       0.0005631985572675
           2         101       0.0005612839335811
           3           1      -0.0005332094263349
           3           2      -0.0005318057212841
           3           3      -0.0005257562195907
           3           4      -0.0005201596490662
           3           5      -0.0005142478421022
           3           6      -0.0005071985030820
           3           7      -0.0005002846506503
           3           8      -0.0004940230839936
           3           9      -0.0004851249948034
           3          10      -0.0004774498521845
           3          11      -0.0004695220911327
           3          12      -0.0004599665714500
           3          13      -0.0004509333055683
           3          14      -0.0004405285462809
           3          15      -0.0004303314708727
           3          16      -0.0004197840288532
           3          17      -0.0004100336682166
           3          18      -0.0003979220480183
           3          19      -0.0003863033595352
           3          20      -0.0003747858861389
           3          21      -0.0003630581364404
           3          22      -0.0003495483399034
           3          23      -0.0003355089251084
           3          24      -0.0003251517546488
           3          25      -0.0003109428238028
           3          26      -0.0002968513706237
           3          27      -0.0002847999648532
           3          28      -0.0002691446972695
           3          29      -0.0002573121704782
           3          30      -0.0002422705340038
           3          31      -0.0002278830032948
           3          32      -0.0002134336283921
           3          33      -0.0001966263878588
           3          34      -0.0001833261483840
           3          35      -0.0001673139798810
           3          36      -0.0001525143344180
           3          37      -0.0001369896109024
           3          38      -0.0001215607621758
           3          39      -0.0001045419105479
           3          40      -0.0000910478649199
           3          41      -0.0000720947984622
           3          42      -0.0000593093034355
           3          43      -0.0000403105246552
           3          44      -0.0000273801433499
           3          45      -0.0000085771704110
           3          46       0.0000040131735158
           3          47       0.0000235316727147
           3          48       0.0000388172569506
           3          49       0.0000549141548149
           3          50       0.0000692950192270
           3          51       0.0000851343220002
           3          52       0.0001012497017799
           3          53       0.0001161594258206
           3          54       0.0001311112657658
           3          55       0.0001494042049813
           3          56       0.0001638903998451
           3          57       0.0001792781911827
           3          58       0.0001935201870038
           3          59       0.0002086532487717
           3          60       0.0002241778188575
           3          61       0.0002389801502611
           3          62       0.0002531019097818
           3          63       0.0002664153220822
           3          64       0.0002799987699345
           3          65       0.0002945085000547
           3          66       0.0003085371554051
           3          67       0.0003211709668061
           3          68       0.0003335337502832
           3          69       0.0003471152323766
           3          70       0.0003601071808563
           3          71       0.0003704466053537
           3          72       0.0003837300535381
           3          73       0.0003952149764828
           3          74       0.0004068195082403
           3          75       0.0004180322001512
           3          76       0.0004272630641083
           3          77       0.0004396183893779
           3          78       0.0004468637913211
           3          79       0.0004573396184469
           3          80       0.0004677896476156
           3          81       0.0004762136404658
           3          82       0.0004845931902860
           3          83       0.0004907927500652
           3          84       0.0004995021443389
           3          85       0.0005057023930744
           3          86       0.0005128763561740
           3          87       0.0005196752825798
           3          88       0.0005242665955397
           3          89       0.0005312070245911
           3          90       0.0005352794253485
           3          91       0.0005400087612423
           3          92       0.0005448342288172
           3          93       0.0005489892396446
           3          94       0.0005524000024119
           3          95       0.0005551237788337
           3          96       0.0005578583375192
           3          97       0.0005599968181948
           3          98       0.0005618743490284
           3          99       0.0005632666426491
           3         100       0.0005632040184644
           3         101       0.0005623474910818
           4           1      -0.0005341264834166
           4           2      -0.0005319666808954
           4           3      -0.0005268587409938
           4           4      -0.0005206906898499
           4           5      -0.0005145029489266
           4           6      -0.0005083550761059
           4           7      -0.0005002384184593
           4           8      -0.0004936836468215
           4           9      -0.0004872462609247
           4          10      -0.0004777690053742
           4          11      -0.0004687968990873
           4          12      -0.0004607407574776
           4          13      -0.0004510642765596
           4          14      -0.0004408137218238
           4          15      -0.0004307323398213
           4          16      -0.0004202536828432
           4          17      -0.0004091528281288
           4          18      -0.0003979709239307
           4          19      -0.0003864552439421
           4          20      -0.0003741645466492
           4          21      -0.0003614147934789
           4          22      -0.0003502135023236
           4          23      -0.0003371592943163
           4          24      -0.0003249391314031
           4          25      -0.0003103892225709
           4          26      -0.0002974245491849
           4          27      -0.0002840943842784
           4          28      -0.0002708521035874
           4          29      -0.0002560488729830
           4          30      -0.0002416106757544
           4          31      -0.0002280622144685
           4          32      -0.0002124075623986
           4          33      -0.0001983975250162
           4          34      -0.0001835948249382
           4          35      -0.0001682012954574
           4          36      -0.0001529700582510
           4          37      -0.0001375216203851
           4          38      -0.0001206865025919
           4          39      -0.0001052564893021
           4          40      -0.0000906538153209
           4          41      -0.0000742421990427
           4          42      -0.0000578424655912
           4          43      -0.0000417773046492
           4          44      -0.0000239590353427
           4          45      -0.0000114816051150
           4          46       0.0000076106157752
           4          47       0.0000199991592288
           4          48       0.0000377646651815
           4          49       0.0000513774021931
           4          50       0.0000690213353949
           4          51       0.0000857705227201
           4          52       0.0001004222011664
           4          53       0.0001149473539979
           4          54       0.0001335247558832
           4          55       0.0001483503845697
           4          56       0.0001623092780399
           4          57       0.0001768060350217
           4          58       0.0001932770067715
           4          59       0.0002088710215685
           4          60       0.0002247995964309
           4          61       0.0002379484556877
           4          62       0.0002514854537137
           4          63       0.0002668643598648
           4          64       0.0002809768131002
           4          65       0.0002951207028965
           4          66       0.0003074578684658
           4          67       0.0003211132185810
           4          68       0.0003341463422875
           4          69       0.0003462190555522
           4          70       0.0003588712085054
           4          71       0.0003725393867643
           4          72       0.0003822282083073
           4          73       0.0003954838796610
           4          74       0.0004063025904774
           4          75       0.0004174890076910
           4          76       0.0004275328660619
           4          77       0.0004384627704878
           4          78       0.0004474816264757
           4          79       0.0004561364022279
           4          80       0.0004683723516279
           4          81       0.0004736689432947
           4          82       0.0004841722841812
           4          83       0.0004921564387171
           4          84       0.0004981800657009
           4          85       0.0005066565365696
           4          86       0.0005148405740676
           4          87       0.0005175778238918
           4          88       0.0005248763428303
           4          89       0.0005309240871226
           4          90       0.0005353341994817
           4          91       0.0005400927196246
           4          92       0.0005442111994373
           4          93       0.0005486462656757
           4          94       0.0005513924475886
           4          95       0.0005541964233909
           4          96       0.0005576270676407
           4          97       0.0005596859112266
           4          98       0.0005618064189678
           4          99       0.0005629084313404
           4         100       0.0005630927551663
           4         101       0.0005620853999805
           5           1      -0.0005340721421594
           5           2      -0.0005314437387152
           5           3      -0.0005259635872874
           5           4      -0.0005207738851195
           5           5      -0.0005144978819264
           5           6      -0.0005062346129035
           5           7      -0.0005003883353458
           5           8      -0.0004942549715237
           5           9      -0.0004835594392285
           5          10      -0.0004780585001817
           5          11      -0.0004675250388287
           5          12      -0.0004589441911929
           5          13      -0.0004500979588547
           5          14      -0.0004411108337803
           5          15      -0.0004302787251886
           5          16      -0.0004214085387869
           5          17      -0.0004070610097867
           5          18      -0.0003992936346976
           5          19      -0.0003858439895620
           5          20      -0.0003736995408994
           5          21      -0.0003615892364749
           5          22      -0.0003504289938202
           5          23      -0.0003364259474522
           5          24      -0.0003255651344247
           5          25      -0.0003086447026938
           5          26      -0.0002991749880522
           5          27      -0.0002837757158815
           5          28      -0.0002692350700434
           5          29      -0.0002564914887313
           5          30      -0.0002407484550633
           5          31      -0.0002277948453895
           5          32      -0.0002125931299558
           5          33      -0.0001965047551842
           5          34      -0.0001828633331546
           5          35      -0.0001672420068675
           5          36      -0.0001521741562239
           5          37      -0.0001358654885980
           5          38      -0.0001198344906610
           5          39      -0.0001059072834030
           5          40      -0.0000901122897109
           5          41      -0.0000753470567004
           5          42      -0.0000571235898391
           5          43      -0.0000418461984040
           5          44      -0.0000259055438622
           5          45      -0.0000093864501107
           5          46       0.0000068907946975
           5          47       0.0000207265109688
           5          48       0.0000373518142209
           5          49       0.0000549006891067
           5          50       0.0000678978619428
           5          51       0.0000875076460797
           5          52       0.0001028622914020
           5          53       0.0001160321962335
           5          54       0.0001338532946612
           5          55       0.0001494231748032
           5          56       0.0001629622620731
           5          57       0.0001804433526201
           5          58       0.0001930468926726
           5          59       0.0002099069144218
           5          60       0.0002238736641586
           5          61       0.0002386291666855
           5          62       0.0002533836617462
           5          63       0.0002661694947371
           5          64       0.0002800148611847
           5          65       0.0002956580725845
           5          66       0.0003092636845921
           5          67       0.0003219717270041
           5          68       0.0003332098247073
           5          69       0.0003457369802913
           5          70       0.0003616998466741
           5          71       0.0003712997693684
           5          72       0.0003823616525574
           5          73       0.0003955140381910
           5          74       0.0004070481026471
           5          75       0.0004178480824998
           5          76       0.0004281894763026
           5          77       0.0004377355279359
           5          78       0.0004490614117678
           5          79       0.0004581214353803
           5          80       0.0004672592238979
           5          81       0.0004744367710875
           5          82       0.0004846013138744
           5          83       0.0004917963343560
           5          84       0.0004995773434794
           5          85       0.0005074597343561
           5          86       0.0005108780772507
           5          87       0.0005199584860934
           5          88       0.0005260341601033
           5          89       0.0005300005963598
           5          90       0.0005364188636685
           5          91       0.0005406435701230
           5          92       0.0005451013531323
           5          93       0.0005480376010921
           5          94       0.0005516582527261
           5          95       0.0005557751346985
           5          96       0.0005581822093050
           5          97       0.0005595799805959
           5          98       0.0005623930605611
           5          99       0.0005630883201999
           5         100       0.0005636303253035
           5         101       0.0005617305178795
           6           1      -0.0005326299429587
           6           2      -0.0005319242503546
           6           3      -0.0005259725090517
           6           4      -0.0005215912385949
           6           5      -0.0005140858983965
           6           6      -0.0005086098451324
           6           7      -0.0005013290537137
           6           8      -0.0004948402296185
           6           9      -0.0004855204996866
           6          10      -0.0004805807899116
           6          11      -0.0004689760920838
           6          12      -0.0004618793333206
           6          13      -0.0004518630599004
           6          14      -0.0004436717778896
           6          15      -0.0004307836390547
           6          16      -0.0004208643224100
           6          17      -0.0004100478952744
           6          18      -0.0003981842771044
           6          19      -0.0003891067519518
           6          20      -0.0003765717013515
           6          21      -0.0003632182726492
           6          22      -0.0003521326971551
           6          23      -0.0003359575082680
           6          24      -0.0003236351315423
           6          25      -0.0003131080867920
           6          26      -0.0002982993922464
           6          27      -0.0002863268930360
           6          28      -0.0002710702262134
           6          29      -0.0002603245933858
           6          30      -0.0002448163643735
           6          31      -0.0002311973494549
           6          32      -0.0002158569141912
           6          33      -0.0001999221570512
           6          34      -0.0001892414276603
           6          35      -0.0001681734925374
           6          36      -0.0001546411973314
           6          37      -0.0001420138198725
           6          38      -0.0001240662181839
           6          39      -0.0001087571680445
           6          40      -0.0000921638924239
           6          41      -0.0000737225623681
           6          42      -0.0000640754893019
           6          43      -0.0000441955837504
           6          44      -0.0000286252372255
           6          45      -0.0000146108634179
           6          46       0.0000030219503755
           6          47       0.0000178778295637
           6          48       0.0000349555370053
           6          49       0.0000532927210696
           6          50       0.0000707616496627
           6          51       0.0000816819054859
           6          52       0.0000976698288440
           6          53       0.0001118853255298
           6          54       0.0001313458026716
           6          55       0.0001447029221797
           6          56       0.0001579732966895
           6          57       0.0001753475089067
           6          58       0.0001914858697226
           6          59       0.0002070457813578
           6          60       0.0002207636329762
           6          61       0.0002357434930292
           6          62       0.0002504309973799
           6          63       0.0002615156844783
           6          64       0.0002801049906365
           6          65       0.0002928022838460
           6          66       0.0003040758567985
           6          67       0.0003179871730956
           6          68       0.0003293824809154
           6          69       0.0003473628622347
           6          70       0.0003580941079272
           6          71       0.0003687103960144
           6          72       0.0003841275412778
           6          73       0.0003936910816894
           6          74       0.0004034296248882
           6          75       0.0004152267841669
           6          76       0.0004242054339695
           6          77       0.0004377951823219
           6          78       0.0004468340329171
           6          79       0.0004545860908585
           6          80       0.0004672041006713
           6          81       0.0004752704750315
           6          82       0.0004816186322035
           6          83       0.0004900974801866
           6          84       0.0004984571445963
           6          85       0.0005038453069933
           6          86       0.0005132919801473
           6          87       0.0005171715827932
           6          88       0.0005240120201659
           6          89       0.0005280920721022
           6          90       0.0005348037870184
           6          91       0.0005378210840478
           6          92       0.0005437063106710
           6          93       0.0005477354829436
           6          94       0.0005510175544884
           6          95       0.0005546375916740
           6          96       0.0005561411727581
           6          97       0.0005603930389865
           6          98       0.0005619707792818
           6          99       0.0005624454263184
           6         100       0.0005641385302415
           6         101       0.0005629017205347
