         103         102           1
         103           1           2
         104         103           2
         104           2           3
         105         104           3
         105           3           4
         106         105           4
         106           4           5
         107         106           5
         107           5           6
         108         107           6
         108           6           7
         109         108           7
         109           7           8
         110         109           8
         110           8           9
         111         110           9
         111           9          10
         112         111          10
         112          10          11
         113         112          11
         113          11          12
         114         113          12
         114          12          13
         115         114          13
         115          13          14
         116         115          14
         116          14          15
         117         116          15
         117          15          16
         118         117          16
         118          16          17
         119         118          17
         119          17          18
         120         119          18
         120          18          19
         121         120          19
         121          19          20
         122         121          20
         122          20          21
         123         122          21
         123          21          22
         124         123          22
         124          22          23
         125         124          23
         125          23          24
         126         125          24
         126          24          25
         127         126          25
         127          25          26
         128         127          26
         128          26          27
         129         128          27
         129          27          28
         130         129          28
         130          28          29
         131         130          29
         131          29          30
         132         131          30
         132          30          31
         133         132          31
         133          31          32
         134         133          32
         134          32          33
         135         134          33
         135          33          34
         136         135          34
         136          34          35
         137         136          35
         137          35          36
         138         137          36
         138          36          37
         139         138          37
         139          37          38
         140         139          38
         140          38          39
         141         140          39
         141          39          40
         142         141          40
         142          40          41
         143         142          41
         143          41          42
         144         143          42
         144          42          43
         145         144          43
         145          43          44
         146         145          44
         146          44          45
         147         146          45
         147          45          46
         148         147          46
         148          46          47
         149         148          47
         149          47          48
         150         149          48
         150          48          49
         151         150          49
         151          49          50
         152         151          50
         152          50          51
         153         152          51
         153          51          52
         154         153          52
         154          52          53
         155         154          53
         155          53          54
         156         155          54
         156          54          55
         157         156          55
         157          55          56
         158         157          56
         158          56          57
         159         158          57
         159          57          58
         160         159          58
         160          58          59
         161         160          59
         161          59          60
         162         161          60
         162          60          61
         163         162          61
         163          61          62
         164         163          62
         164          62          63
         165         164          63
         165          63          64
         166         165          64
         166          64          65
         167         166          65
         167          65          66
         168         167          66
         168          66          67
         169         168          67
         169          67          68
         170         169          68
         170          68          69
         171         170          69
         171          69          70
         172         171          70
         172          70          71
         173         172          71
         173          71          72
         174         173          72
         174          72          73
         175         174          73
         175          73          74
         176         175          74
         176          74          75
         177         176          75
         177          75          76
         178         177          76
         178          76          77
         179         178          77
         179          77          78
         180         179          78
         180          78          79
         181         180          79
         181          79          80
         182         181          80
         182          80          81
         183         182          81
         183          81          82
         184         183          82
         184          82          83
         185         184          83
         185          83          84
         186         185          84
         186          84          85
         187         186          85
         187          85          86
         188         187          86
         188          86          87
         189         188          87
         189          87          88
         190         189          88
         190          88          89
         191         190          89
         191          89          90
         192         191          90
         192          90          91
         193         192          91
         193          91          92
         194         193          92
         194          92          93
         195         194          93
         195          93          94
         196         195          94
         196          94          95
         197         196          95
         197          95          96
         198         197          96
         198          96          97
         199         198          97
         199          97          98
         200         199          98
         200          98          99
         201         200          99
         201          99         100
         202         201         100
         202         100         101
         204         203         102
         204         102         103
         205         204         103
         205         103         104
         206         205         104
         206         104         105
         207         206         105
         207         105         106
         208         207         106
         208         106         107
         209         208         107
         209         107         108
         210         209         108
         210         108         109
         211         210         109
         211         109         110
         212         211         110
         212         110         111
         213         212         111
         213         111         112
         214         213         112
         214         112         113
         215         214         113
         215         113         114
         216         215         114
         216         114         115
         217         216         115
         217         115         116
         218         217         116
         218         116         117
         219         218         117
         219         117         118
         220         219         118
         220         118         119
         221         220         119
         221         119         120
         222         221         120
         222         120         121
         223         222         121
         223         121         122
         224         223         122
         224         122         123
         225         224         123
         225         123         124
         226         225         124
         226         124         125
         227         226         125
         227         125         126
         228         227         126
         228         126         127
         229         228         127
         229         127         128
         230         229         128
         230         128         129
         231         230         129
         231         129         130
         232         231         130
         232         130         131
         233         232         131
         233         131         132
         234         233         132
         234         132         133
         235         234         133
         235         133         134
         236         235         134
         236         134         135
         237         236         135
         237         135         136
         238         237         136
         238         136         137
         239         238         137
         239         137         138
         240         239         138
         240         138         139
         241         240         139
         241         139         140
         242         241         140
         242         140         141
         243         242         141
         243         141         142
         244         243         142
         244         142         143
         245         244         143
         245         143         144
         246         245         144
         246         144         145
         247         246         145
         247         145         146
         248         247         146
         248         146         147
         249         248         147
         249         147         148
         250         249         148
         250         148         149
         251         250         149
         251         149         150
         252         251         150
         252         150         151
         253         252         151
         253         151         152
         254         253         152
         254         152         153
         255         254         153
         255         153         154
         256         255         154
         256         154         155
         257         256         155
         257         155         156
         258         257         156
         258         156         157
         259         258         157
         259         157         158
         260         259         158
         260         158         159
         261         260         159
         261         159         160
         262         261         160
         262         160         161
         263         262         161
         263         161         162
         264         263         162
         264         162         163
         265         264         163
         265         163         164
         266         265         164
         266         164         165
         267         266         165
         267         165         166
         268         267         166
         268         166         167
         269         268         167
         269         167         168
         270         269         168
         270         168         169
         271         270         169
         271         169         170
         272         271         170
         272         170         171
         273         272         171
         273         171         172
         274         273         172
         274         172         173
         275         274         173
         275         173         174
         276         275         174
         276         174         175
         277         276         175
         277         175         176
         278         277         176
         278         176         177
         279         278         177
         279         177         178
         280         279         178
         280         178         179
         281         280         179
         281         179         180
         282         281         180
         282         180         181
         283         282         181
         283         181         182
         284         283         182
         284         182         183
         285         284         183
         285         183         184
         286         285         184
         286         184         185
         287         286         185
         287         185         186
         288         287         186
         288         186         187
         289         288         187
         289         187         188
         290         289         188
         290         188         189
         291         290         189
         291         189         190
         292         291         190
         292         190         191
         293         292         191
         293         191         192
         294         293         192
         294         192         193
         295         294         193
         295         193         194
         296         295         194
         296         194         195
         297         296         195
         297         195         196
         298         297         196
         298         196         197
         299         298         197
         299         197         198
         300         299         198
         300         198         199
         301         300         199
         301         199         200
         302         301         200
         302         200         201
         303         302         201
         303         201         202
         305         304         203
         305         203         204
         306         305         204
         306         204         205
         307         306         205
         307         205         206
         308         307         206
         308         206         207
         309         308         207
         309         207         208
         310         309         208
         310         208         209
         311         310         209
         311         209         210
         312         311         210
         312         210         211
         313         312         211
         313         211         212
         314         313         212
         314         212         213
         315         314         213
         315         213         214
         316         315         214
         316         214         215
         317         316         215
         317         215         216
         318         317         216
         318         216         217
         319         318         217
         319         217         218
         320         319         218
         320         218         219
         321         320         219
         321         219         220
         322         321         220
         322         220         221
         323         322         221
         323         221         222
         324         323         222
         324         222         223
         325         324         223
         325         223         224
         326         325         224
         326         224         225
         327         326         225
         327         225         226
         328         327         226
         328         226         227
         329         328         227
         329         227         228
         330         329         228
         330         228         229
         331         330         229
         331         229         230
         332         331         230
         332         230         231
         333         332         231
         333         231         232
         334         333         232
         334         232         233
         335         334         233
         335         233         234
         336         335         234
         336         234         235
         337         336         235
         337         235         236
         338         337         236
         338         236         237
         339         338         237
         339         237         238
         340         339         238
         340         238         239
         341         340         239
         341         239         240
         342         341         240
         342         240         241
         343         342         241
         343         241         242
         344         343         242
         344         242         243
         345         344         243
         345         243         244
         346         345         244
         346         244         245
         347         346         245
         347         245         246
         348         347         246
         348         246         247
         349         348         247
         349         247         248
         350         349         248
         350         248         249
         351         350         249
         351         249         250
         352         351         250
         352         250         251
         353         352         251
         353         251         252
         354         353         252
         354         252         253
         355         354         253
         355         253         254
         356         355         254
         356         254         255
         357         356         255
         357         255         256
         358         357         256
         358         256         257
         359         358         257
         359         257         258
         360         359         258
         360         258         259
         361         360         259
         361         259         260
         362         361         260
         362         260         261
         363         362         261
         363         261         262
         364         363         262
         364         262         263
         365         364         263
         365         263         264
         366         365         264
         366         264         265
         367         366         265
         367         265         266
         368         367         266
         368         266         267
         369         368         267
         369         267         268
         370         369         268
         370         268         269
         371         370         269
         371         269         270
         372         371         270
         372         270         271
         373         372         271
         373         271         272
         374         373         272
         374         272         273
         375         374         273
         375         273         274
         376         375         274
         376         274         275
         377         376         275
         377         275         276
         378         377         276
         378         276         277
         379         378         277
         379         277         278
         380         379         278
         380         278         279
         381         380         279
         381         279         280
         382         381         280
         382         280         281
         383         382         281
         383         281         282
         384         383         282
         384         282         283
         385         384         283
         385         283         284
         386         385         284
         386         284         285
         387         386         285
         387         285         286
         388         387         286
         388         286         287
         389         388         287
         389         287         288
         390         389         288
         390         288         289
         391         390         289
         391         289         290
         392         391         290
         392         290         291
         393         392         291
         393         291         292
         394         393         292
         394         292         293
         395         394         293
         395         293         294
         396         395         294
         396         294         295
         397         396         295
         397         295         296
         398         397         296
         398         296         297
         399         398         297
         399         297         298
         400         399         298
         400         298         299
         401         400         299
         401         299         300
         402         401         300
         402         300         301
         403         402         301
         403         301         302
         404         403         302
         404         302         303
         406         405         304
         406         304         305
         407         406         305
         407         305         306
         408         407         306
         408         306         307
         409         408         307
         409         307         308
         410         409         308
         410         308         309
         411         410         309
         411         309         310
         412         411         310
         412         310         311
         413         412         311
         413         311         312
         414         413         312
         414         312         313
         415         414         313
         415         313         314
         416         415         314
         416         314         315
         417         416         315
         417         315         316
         418         417         316
         418         316         317
         419         418         317
         419         317         318
         420         419         318
         420         318         319
         421         420         319
         421         319         320
         422         421         320
         422         320         321
         423         422         321
         423         321         322
         424         423         322
         424         322         323
         425         424         323
         425         323         324
         426         425         324
         426         324         325
         427         426         325
         427         325         326
         428         427         326
         428         326         327
         429         428         327
         429         327         328
         430         429         328
         430         328         329
         431         430         329
         431         329         330
         432         431         330
         432         330         331
         433         432         331
         433         331         332
         434         433         332
         434         332         333
         435         434         333
         435         333         334
         436         435         334
         436         334         335
         437         436         335
         437         335         336
         438         437         336
         438         336         337
         439         438         337
         439         337         338
         440         439         338
         440         338         339
         441         440         339
         441         339         340
         442         441         340
         442         340         341
         443         442         341
         443         341         342
         444         443         342
         444         342         343
         445         444         343
         445         343         344
         446         445         344
         446         344         345
         447         446         345
         447         345         346
         448         447         346
         448         346         347
         449         448         347
         449         347         348
         450         449         348
         450         348         349
         451         450         349
         451         349         350
         452         451         350
         452         350         351
         453         452         351
         453         351         352
         454         453         352
         454         352         353
         455         454         353
         455         353         354
         456         455         354
         456         354         355
         457         456         355
         457         355         356
         458         457         356
         458         356         357
         459         458         357
         459         357         358
         460         459         358
         460         358         359
         461         460         359
         461         359         360
         462         461         360
         462         360         361
         463         462         361
         463         361         362
         464         463         362
         464         362         363
         465         464         363
         465         363         364
         466         465         364
         466         364         365
         467         466         365
         467         365         366
         468         467         366
         468         366         367
         469         468         367
         469         367         368
         470         469         368
         470         368         369
         471         470         369
         471         369         370
         472         471         370
         472         370         371
         473         472         371
         473         371         372
         474         473         372
         474         372         373
         475         474         373
         475         373         374
         476         475         374
         476         374         375
         477         476         375
         477         375         376
         478         477         376
         478         376         377
         479         478         377
         479         377         378
         480         479         378
         480         378         379
         481         480         379
         481         379         380
         482         481         380
         482         380         381
         483         482         381
         483         381         382
         484         483         382
         484         382         383
         485         484         383
         485         383         384
         486         485         384
         486         384         385
         487         486         385
         487         385         386
         488         487         386
         488         386         387
         489         488         387
         489         387         388
         490         489         388
         490         388         389
         491         490         389
         491         389         390
         492         491         390
         492         390         391
         493         492         391
         493         391         392
         494         493         392
         494         392         393
         495         494         393
         495         393         394
         496         495         394
         496         394         395
         497         496         395
         497         395         396
         498         497         396
         498         396         397
         499         498         397
         499         397         398
         500         499         398
         500         398         399
         501         500         399
         501         399         400
         502         501         400
         502         400         401
         503         502         401
         503         401         402
         504         503         402
         504         402         403
         505         504         403
         505         403         404
         507         506         405
         507         405         406
         508         507         406
         508         406         407
         509         508         407
         509         407         408
         510         509         408
         510         408         409
         511         510         409
         511         409         410
         512         511         410
         512         410         411
         513         512         411
         513         411         412
         514         513         412
         514         412         413
         515         514         413
         515         413         414
         516         515         414
         516         414         415
         517         516         415
         517         415         416
         518         517         416
         518         416         417
         519         518         417
         519         417         418
         520         519         418
         520         418         419
         521         520         419
         521         419         420
         522         521         420
         522         420         421
         523         522         421
         523         421         422
         524         523         422
         524         422         423
         525         524         423
         525         423         424
         526         525         424
         526         424         425
         527         526         425
         527         425         426
         528         527         426
         528         426         427
         529         528         427
         529         427         428
         530         529         428
         530         428         429
         531         530         429
         531         429         430
         532         531         430
         532         430         431
         533         532         431
         533         431         432
         534         533         432
         534         432         433
         535         534         433
         535         433         434
         536         535         434
         536         434         435
         537         536         435
         537         435         436
         538         537         436
         538         436         437
         539         538         437
         539         437         438
         540         539         438
         540         438         439
         541         540         439
         541         439         440
         542         541         440
         542         440         441
         543         542         441
         543         441         442
         544         543         442
         544         442         443
         545         544         443
         545         443         444
         546         545         444
         546         444         445
         547         546         445
         547         445         446
         548         547         446
         548         446         447
         549         548         447
         549         447         448
         550         549         448
         550         448         449
         551         550         449
         551         449         450
         552         551         450
         552         450         451
         553         552         451
         553         451         452
         554         553         452
         554         452         453
         555         554         453
         555         453         454
         556         555         454
         556         454         455
         557         556         455
         557         455         456
         558         557         456
         558         456         457
         559         558         457
         559         457         458
         560         559         458
         560         458         459
         561         560         459
         561         459         460
         562         561         460
         562         460         461
         563         562         461
         563         461         462
         564         563         462
         564         462         463
         565         564         463
         565         463         464
         566         565         464
         566         464         465
         567         566         465
         567         465         466
         568         567         466
         568         466         467
         569         568         467
         569         467         468
         570         569         468
         570         468         469
         571         570         469
         571         469         470
         572         571         470
         572         470         471
         573         572         471
         573         471         472
         574         573         472
         574         472         473
         575         574         473
         575         473         474
         576         575         474
         576         474         475
         577         576         475
         577         475         476
         578         577         476
         578         476         477
         579         578         477
         579         477         478
         580         579         478
         580         478         479
         581         580         479
         581         479         480
         582         581         480
         582         480         481
         583         582         481
         583         481         482
         584         583         482
         584         482         483
         585         584         483
         585         483         484
         586         585         484
         586         484         485
         587         586         485
         587         485         486
         588         587         486
         588         486         487
         589         588         487
         589         487         488
         590         589         488
         590         488         489
         591         590         489
         591         489         490
         592         591         490
         592         490         491
         593         592         491
         593         491         492
         594         593         492
         594         492         493
         595         594         493
         595         493         494
         596         595         494
         596         494         495
         597         596         495
         597         495         496
         598         597         496
         598         496         497
         599         598         497
         599         497         498
         600         599         498
         600         498         499
         601         600         499
         601         499         500
         602         601         500
         602         500         501
         603         602         501
         603         501         502
         604         603         502
         604         502         503
         605         604         503
         605         503         504
         606         605         504
         606         504         505
