  pseudo_1d_x1_t1                   M2,M4,M6, and STEADY, m  ADCIRC Model            
         21        130   0.2000000E+03    20     1
      0.2000000000E+03             20
         1   0.13888889E-002
         2   0.13888889E-002
         3   0.13888889E-002
         4   0.13888889E-002
         5   0.13888889E-002
         6   0.13888889E-002
         7   0.13888889E-002
         8   0.13888889E-002
         9   0.13888889E-002
        10   0.13888889E-002
        11   0.13888889E-002
        12   0.13888889E-002
        13   0.13888889E-002
        14   0.13888889E-002
        15   0.13888889E-002
        16   0.13888889E-002
        17   0.13888889E-002
        18   0.13888889E-002
        19   0.13888889E-002
        20   0.13888889E-002
        21   0.13888889E-002
        22   0.13888889E-002
        23   0.13888889E-002
        24   0.13888889E-002
        25   0.13888889E-002
        26   0.13888889E-002
        27   0.13888889E-002
        28   0.13888889E-002
        29   0.13888889E-002
        30   0.13888889E-002
        31   0.13888889E-002
        32   0.13888889E-002
        33   0.13888889E-002
        34   0.13888889E-002
        35   0.13888889E-002
        36   0.13888889E-002
        37   0.13888889E-002
        38   0.13888889E-002
        39   0.13888889E-002
        40   0.13888889E-002
        41   0.13888889E-002
        42   0.13888889E-002
        43   0.13888889E-002
        44   0.13888889E-002
        45   0.13888889E-002
        46   0.13888889E-002
        47   0.13888889E-002
        48   0.13888889E-002
        49   0.13888889E-002
        50   0.13888889E-002
        51   0.13888889E-002
        52   0.13888889E-002
        53   0.13888889E-002
        54   0.13888889E-002
        55   0.13888889E-002
        56   0.13888889E-002
        57   0.13888889E-002
        58   0.13888889E-002
        59   0.13888889E-002
        60   0.13888889E-002
        61   0.13888889E-002
        62   0.13888889E-002
        63   0.13888889E-002
        64   0.13888889E-002
        65   0.13888889E-002
        66   0.13888889E-002
        67   0.13888889E-002
        68   0.13888889E-002
        69   0.13888889E-002
        70   0.13888889E-002
        71   0.13888889E-002
        72   0.13888889E-002
        73   0.13888889E-002
        74   0.13888889E-002
        75   0.13888889E-002
        76   0.13888889E-002
        77   0.13888889E-002
        78   0.13888889E-002
        79   0.13888889E-002
        80   0.13888889E-002
        81   0.13888889E-002
        82   0.13888889E-002
        83   0.13888889E-002
        84   0.13888889E-002
        85   0.13888889E-002
        86   0.13888889E-002
        87   0.13888889E-002
        88   0.13888889E-002
        89   0.13888889E-002
        90   0.13888889E-002
        91   0.13888889E-002
        92   0.13888889E-002
        93   0.13888889E-002
        94   0.13888889E-002
        95   0.13888889E-002
        96   0.13888889E-002
        97   0.13888889E-002
        98   0.13888889E-002
        99   0.13888889E-002
       100   0.13888889E-002
       101   0.13888889E-002
       102   0.13888889E-002
       103   0.13888889E-002
       104   0.13888889E-002
       105   0.13888889E-002
       106   0.13888889E-002
       107   0.13888889E-002
       108   0.13888889E-002
       109   0.13888889E-002
       110   0.13888889E-002
       111   0.13888889E-002
       112   0.13888889E-002
       113   0.13888889E-002
       114   0.13888889E-002
       115   0.13888889E-002
       116   0.13888889E-002
       117   0.13888889E-002
       118   0.13888889E-002
       119   0.13888889E-002
       120   0.13888889E-002
       121   0.13888889E-002
       122   0.13888889E-002
       123   0.13888889E-002
       124   0.13888889E-002
       125   0.13888889E-002
       126   0.13888889E-002
       127   0.13888889E-002
       128   0.13888889E-002
       129   0.13888889E-002
       130   0.13888889E-002
      0.4000000000E+03             40
         1   0.41666667E-002
         2   0.41666667E-002
         3   0.41666667E-002
         4   0.41666667E-002
         5   0.41666667E-002
         6   0.41666667E-002
         7   0.41666667E-002
         8   0.41666667E-002
         9   0.41666667E-002
        10   0.41666667E-002
        11   0.41666667E-002
        12   0.41666667E-002
        13   0.41666667E-002
        14   0.41666667E-002
        15   0.41666667E-002
        16   0.41666667E-002
        17   0.41666667E-002
        18   0.41666667E-002
        19   0.41666667E-002
        20   0.41666667E-002
        21   0.41666667E-002
        22   0.41666667E-002
        23   0.41666667E-002
        24   0.41666667E-002
        25   0.41666667E-002
        26   0.41666667E-002
        27   0.41666667E-002
        28   0.41666667E-002
        29   0.41666667E-002
        30   0.41666667E-002
        31   0.41666667E-002
        32   0.41666667E-002
        33   0.41666667E-002
        34   0.41666667E-002
        35   0.41666667E-002
        36   0.41666667E-002
        37   0.41666667E-002
        38   0.41666667E-002
        39   0.41666667E-002
        40   0.41666667E-002
        41   0.41666667E-002
        42   0.41666667E-002
        43   0.41666667E-002
        44   0.41666667E-002
        45   0.41666667E-002
        46   0.41666667E-002
        47   0.41666667E-002
        48   0.41666667E-002
        49   0.41666667E-002
        50   0.41666667E-002
        51   0.41666667E-002
        52   0.41666667E-002
        53   0.41666667E-002
        54   0.41666667E-002
        55   0.41666667E-002
        56   0.41666667E-002
        57   0.41666667E-002
        58   0.41666667E-002
        59   0.41666667E-002
        60   0.41666667E-002
        61   0.41666667E-002
        62   0.41666667E-002
        63   0.41666667E-002
        64   0.41666667E-002
        65   0.41666667E-002
        66   0.41666667E-002
        67   0.41666667E-002
        68   0.41666667E-002
        69   0.41666667E-002
        70   0.41666667E-002
        71   0.41666667E-002
        72   0.41666667E-002
        73   0.41666667E-002
        74   0.41666667E-002
        75   0.41666667E-002
        76   0.41666667E-002
        77   0.41666667E-002
        78   0.41666667E-002
        79   0.41666667E-002
        80   0.41666667E-002
        81   0.41666667E-002
        82   0.41666667E-002
        83   0.41666667E-002
        84   0.41666667E-002
        85   0.41666667E-002
        86   0.41666667E-002
        87   0.41666667E-002
        88   0.41666667E-002
        89   0.41666667E-002
        90   0.41666667E-002
        91   0.41666667E-002
        92   0.41666667E-002
        93   0.41666667E-002
        94   0.41666667E-002
        95   0.41666667E-002
        96   0.41666667E-002
        97   0.41666667E-002
        98   0.41666667E-002
        99   0.41666667E-002
       100   0.41666667E-002
       101   0.41666667E-002
       102   0.41666667E-002
       103   0.41666667E-002
       104   0.41666667E-002
       105   0.41666667E-002
       106   0.41666667E-002
       107   0.41666667E-002
       108   0.41666667E-002
       109   0.41666667E-002
       110   0.41666667E-002
       111   0.41666667E-002
       112   0.41666667E-002
       113   0.41666667E-002
       114   0.41666667E-002
       115   0.41666667E-002
       116   0.41666667E-002
       117   0.41666667E-002
       118   0.41666667E-002
       119   0.41666667E-002
       120   0.41666667E-002
       121   0.41666667E-002
       122   0.41666667E-002
       123   0.41666667E-002
       124   0.41666667E-002
       125   0.41666667E-002
       126   0.41666667E-002
       127   0.41666667E-002
       128   0.41666667E-002
       129   0.41666667E-002
       130   0.41666667E-002
      0.6000000000E+03             60
         1   0.69444444E-002
         2   0.69444444E-002
         3   0.69444444E-002
         4   0.69444444E-002
         5   0.69444444E-002
         6   0.69444444E-002
         7   0.69444444E-002
         8   0.69444444E-002
         9   0.69444444E-002
        10   0.69444444E-002
        11   0.69444444E-002
        12   0.69444444E-002
        13   0.69444444E-002
        14   0.69444444E-002
        15   0.69444444E-002
        16   0.69444444E-002
        17   0.69444444E-002
        18   0.69444444E-002
        19   0.69444444E-002
        20   0.69444444E-002
        21   0.69444444E-002
        22   0.69444444E-002
        23   0.69444444E-002
        24   0.69444444E-002
        25   0.69444444E-002
        26   0.69444444E-002
        27   0.69444444E-002
        28   0.69444444E-002
        29   0.69444444E-002
        30   0.69444444E-002
        31   0.69444444E-002
        32   0.69444444E-002
        33   0.69444444E-002
        34   0.69444444E-002
        35   0.69444444E-002
        36   0.69444444E-002
        37   0.69444444E-002
        38   0.69444444E-002
        39   0.69444444E-002
        40   0.69444444E-002
        41   0.69444444E-002
        42   0.69444444E-002
        43   0.69444444E-002
        44   0.69444444E-002
        45   0.69444444E-002
        46   0.69444444E-002
        47   0.69444444E-002
        48   0.69444444E-002
        49   0.69444444E-002
        50   0.69444444E-002
        51   0.69444444E-002
        52   0.69444444E-002
        53   0.69444444E-002
        54   0.69444444E-002
        55   0.69444444E-002
        56   0.69444444E-002
        57   0.69444444E-002
        58   0.69444444E-002
        59   0.69444444E-002
        60   0.69444444E-002
        61   0.69444444E-002
        62   0.69444444E-002
        63   0.69444444E-002
        64   0.69444444E-002
        65   0.69444444E-002
        66   0.69444444E-002
        67   0.69444444E-002
        68   0.69444444E-002
        69   0.69444444E-002
        70   0.69444444E-002
        71   0.69444444E-002
        72   0.69444444E-002
        73   0.69444444E-002
        74   0.69444444E-002
        75   0.69444444E-002
        76   0.69444444E-002
        77   0.69444444E-002
        78   0.69444444E-002
        79   0.69444444E-002
        80   0.69444444E-002
        81   0.69444444E-002
        82   0.69444444E-002
        83   0.69444444E-002
        84   0.69444444E-002
        85   0.69444444E-002
        86   0.69444444E-002
        87   0.69444444E-002
        88   0.69444444E-002
        89   0.69444444E-002
        90   0.69444444E-002
        91   0.69444444E-002
        92   0.69444444E-002
        93   0.69444444E-002
        94   0.69444444E-002
        95   0.69444444E-002
        96   0.69444444E-002
        97   0.69444444E-002
        98   0.69444444E-002
        99   0.69444444E-002
       100   0.69444444E-002
       101   0.69444444E-002
       102   0.69444444E-002
       103   0.69444444E-002
       104   0.69444444E-002
       105   0.69444444E-002
       106   0.69444444E-002
       107   0.69444444E-002
       108   0.69444444E-002
       109   0.69444444E-002
       110   0.69444444E-002
       111   0.69444444E-002
       112   0.69444444E-002
       113   0.69444444E-002
       114   0.69444444E-002
       115   0.69444444E-002
       116   0.69444444E-002
       117   0.69444444E-002
       118   0.69444444E-002
       119   0.69444444E-002
       120   0.69444444E-002
       121   0.69444444E-002
       122   0.69444444E-002
       123   0.69444444E-002
       124   0.69444444E-002
       125   0.69444444E-002
       126   0.69444444E-002
       127   0.69444444E-002
       128   0.69444444E-002
       129   0.69444444E-002
       130   0.69444444E-002
      0.8000000000E+03             80
         1   0.97222222E-002
         2   0.97222222E-002
         3   0.97222222E-002
         4   0.97222222E-002
         5   0.97222222E-002
         6   0.97222222E-002
         7   0.97222222E-002
         8   0.97222222E-002
         9   0.97222222E-002
        10   0.97222222E-002
        11   0.97222222E-002
        12   0.97222222E-002
        13   0.97222222E-002
        14   0.97222222E-002
        15   0.97222222E-002
        16   0.97222222E-002
        17   0.97222222E-002
        18   0.97222222E-002
        19   0.97222222E-002
        20   0.97222222E-002
        21   0.97222222E-002
        22   0.97222222E-002
        23   0.97222222E-002
        24   0.97222222E-002
        25   0.97222222E-002
        26   0.97222222E-002
        27   0.97222222E-002
        28   0.97222222E-002
        29   0.97222222E-002
        30   0.97222222E-002
        31   0.97222222E-002
        32   0.97222222E-002
        33   0.97222222E-002
        34   0.97222222E-002
        35   0.97222222E-002
        36   0.97222222E-002
        37   0.97222222E-002
        38   0.97222222E-002
        39   0.97222222E-002
        40   0.97222222E-002
        41   0.97222222E-002
        42   0.97222222E-002
        43   0.97222222E-002
        44   0.97222222E-002
        45   0.97222222E-002
        46   0.97222222E-002
        47   0.97222222E-002
        48   0.97222222E-002
        49   0.97222222E-002
        50   0.97222222E-002
        51   0.97222222E-002
        52   0.97222222E-002
        53   0.97222222E-002
        54   0.97222222E-002
        55   0.97222222E-002
        56   0.97222222E-002
        57   0.97222222E-002
        58   0.97222222E-002
        59   0.97222222E-002
        60   0.97222222E-002
        61   0.97222222E-002
        62   0.97222222E-002
        63   0.97222222E-002
        64   0.97222222E-002
        65   0.97222222E-002
        66   0.97222222E-002
        67   0.97222222E-002
        68   0.97222222E-002
        69   0.97222222E-002
        70   0.97222222E-002
        71   0.97222222E-002
        72   0.97222222E-002
        73   0.97222222E-002
        74   0.97222222E-002
        75   0.97222222E-002
        76   0.97222222E-002
        77   0.97222222E-002
        78   0.97222222E-002
        79   0.97222222E-002
        80   0.97222222E-002
        81   0.97222222E-002
        82   0.97222222E-002
        83   0.97222222E-002
        84   0.97222222E-002
        85   0.97222222E-002
        86   0.97222222E-002
        87   0.97222222E-002
        88   0.97222222E-002
        89   0.97222222E-002
        90   0.97222222E-002
        91   0.97222222E-002
        92   0.97222222E-002
        93   0.97222222E-002
        94   0.97222222E-002
        95   0.97222222E-002
        96   0.97222222E-002
        97   0.97222222E-002
        98   0.97222222E-002
        99   0.97222222E-002
       100   0.97222222E-002
       101   0.97222222E-002
       102   0.97222222E-002
       103   0.97222222E-002
       104   0.97222222E-002
       105   0.97222222E-002
       106   0.97222222E-002
       107   0.97222222E-002
       108   0.97222222E-002
       109   0.97222222E-002
       110   0.97222222E-002
       111   0.97222222E-002
       112   0.97222222E-002
       113   0.97222222E-002
       114   0.97222222E-002
       115   0.97222222E-002
       116   0.97222222E-002
       117   0.97222222E-002
       118   0.97222222E-002
       119   0.97222222E-002
       120   0.97222222E-002
       121   0.97222222E-002
       122   0.97222222E-002
       123   0.97222222E-002
       124   0.97222222E-002
       125   0.97222222E-002
       126   0.97222222E-002
       127   0.97222222E-002
       128   0.97222222E-002
       129   0.97222222E-002
       130   0.97222222E-002
      0.1000000000E+04            100
         1   0.12500000E-001
         2   0.12500000E-001
         3   0.12500000E-001
         4   0.12500000E-001
         5   0.12500000E-001
         6   0.12500000E-001
         7   0.12500000E-001
         8   0.12500000E-001
         9   0.12500000E-001
        10   0.12500000E-001
        11   0.12500000E-001
        12   0.12500000E-001
        13   0.12500000E-001
        14   0.12500000E-001
        15   0.12500000E-001
        16   0.12500000E-001
        17   0.12500000E-001
        18   0.12500000E-001
        19   0.12500000E-001
        20   0.12500000E-001
        21   0.12500000E-001
        22   0.12500000E-001
        23   0.12500000E-001
        24   0.12500000E-001
        25   0.12500000E-001
        26   0.12500000E-001
        27   0.12500000E-001
        28   0.12500000E-001
        29   0.12500000E-001
        30   0.12500000E-001
        31   0.12500000E-001
        32   0.12500000E-001
        33   0.12500000E-001
        34   0.12500000E-001
        35   0.12500000E-001
        36   0.12500000E-001
        37   0.12500000E-001
        38   0.12500000E-001
        39   0.12500000E-001
        40   0.12500000E-001
        41   0.12500000E-001
        42   0.12500000E-001
        43   0.12500000E-001
        44   0.12500000E-001
        45   0.12500000E-001
        46   0.12500000E-001
        47   0.12500000E-001
        48   0.12500000E-001
        49   0.12500000E-001
        50   0.12500000E-001
        51   0.12500000E-001
        52   0.12500000E-001
        53   0.12500000E-001
        54   0.12500000E-001
        55   0.12500000E-001
        56   0.12500000E-001
        57   0.12500000E-001
        58   0.12500000E-001
        59   0.12500000E-001
        60   0.12500000E-001
        61   0.12500000E-001
        62   0.12500000E-001
        63   0.12500000E-001
        64   0.12500000E-001
        65   0.12500000E-001
        66   0.12500000E-001
        67   0.12500000E-001
        68   0.12500000E-001
        69   0.12500000E-001
        70   0.12500000E-001
        71   0.12500000E-001
        72   0.12500000E-001
        73   0.12500000E-001
        74   0.12500000E-001
        75   0.12500000E-001
        76   0.12500000E-001
        77   0.12500000E-001
        78   0.12500000E-001
        79   0.12500000E-001
        80   0.12500000E-001
        81   0.12500000E-001
        82   0.12500000E-001
        83   0.12500000E-001
        84   0.12500000E-001
        85   0.12500000E-001
        86   0.12500000E-001
        87   0.12500000E-001
        88   0.12500000E-001
        89   0.12500000E-001
        90   0.12500000E-001
        91   0.12500000E-001
        92   0.12500000E-001
        93   0.12500000E-001
        94   0.12500000E-001
        95   0.12500000E-001
        96   0.12500000E-001
        97   0.12500000E-001
        98   0.12500000E-001
        99   0.12500000E-001
       100   0.12500000E-001
       101   0.12500000E-001
       102   0.12500000E-001
       103   0.12500000E-001
       104   0.12500000E-001
       105   0.12500000E-001
       106   0.12500000E-001
       107   0.12500000E-001
       108   0.12500000E-001
       109   0.12500000E-001
       110   0.12500000E-001
       111   0.12500000E-001
       112   0.12500000E-001
       113   0.12500000E-001
       114   0.12500000E-001
       115   0.12500000E-001
       116   0.12500000E-001
       117   0.12500000E-001
       118   0.12500000E-001
       119   0.12500000E-001
       120   0.12500000E-001
       121   0.12500000E-001
       122   0.12500000E-001
       123   0.12500000E-001
       124   0.12500000E-001
       125   0.12500000E-001
       126   0.12500000E-001
       127   0.12500000E-001
       128   0.12500000E-001
       129   0.12500000E-001
       130   0.12500000E-001
      0.1200000000E+04            120
         1   0.15277778E-001
         2   0.15277778E-001
         3   0.15277778E-001
         4   0.15277778E-001
         5   0.15277778E-001
         6   0.15277778E-001
         7   0.15277778E-001
         8   0.15277778E-001
         9   0.15277778E-001
        10   0.15277778E-001
        11   0.15277778E-001
        12   0.15277778E-001
        13   0.15277778E-001
        14   0.15277778E-001
        15   0.15277778E-001
        16   0.15277778E-001
        17   0.15277778E-001
        18   0.15277778E-001
        19   0.15277778E-001
        20   0.15277778E-001
        21   0.15277778E-001
        22   0.15277778E-001
        23   0.15277778E-001
        24   0.15277778E-001
        25   0.15277778E-001
        26   0.15277778E-001
        27   0.15277778E-001
        28   0.15277778E-001
        29   0.15277778E-001
        30   0.15277778E-001
        31   0.15277778E-001
        32   0.15277778E-001
        33   0.15277778E-001
        34   0.15277778E-001
        35   0.15277778E-001
        36   0.15277778E-001
        37   0.15277778E-001
        38   0.15277778E-001
        39   0.15277778E-001
        40   0.15277778E-001
        41   0.15277778E-001
        42   0.15277778E-001
        43   0.15277778E-001
        44   0.15277778E-001
        45   0.15277778E-001
        46   0.15277778E-001
        47   0.15277778E-001
        48   0.15277778E-001
        49   0.15277778E-001
        50   0.15277778E-001
        51   0.15277778E-001
        52   0.15277778E-001
        53   0.15277778E-001
        54   0.15277778E-001
        55   0.15277778E-001
        56   0.15277778E-001
        57   0.15277778E-001
        58   0.15277778E-001
        59   0.15277778E-001
        60   0.15277778E-001
        61   0.15277778E-001
        62   0.15277778E-001
        63   0.15277778E-001
        64   0.15277778E-001
        65   0.15277778E-001
        66   0.15277778E-001
        67   0.15277778E-001
        68   0.15277778E-001
        69   0.15277778E-001
        70   0.15277778E-001
        71   0.15277778E-001
        72   0.15277778E-001
        73   0.15277778E-001
        74   0.15277778E-001
        75   0.15277778E-001
        76   0.15277778E-001
        77   0.15277778E-001
        78   0.15277778E-001
        79   0.15277778E-001
        80   0.15277778E-001
        81   0.15277778E-001
        82   0.15277778E-001
        83   0.15277778E-001
        84   0.15277778E-001
        85   0.15277778E-001
        86   0.15277778E-001
        87   0.15277778E-001
        88   0.15277778E-001
        89   0.15277778E-001
        90   0.15277778E-001
        91   0.15277778E-001
        92   0.15277778E-001
        93   0.15277778E-001
        94   0.15277778E-001
        95   0.15277778E-001
        96   0.15277778E-001
        97   0.15277778E-001
        98   0.15277778E-001
        99   0.15277778E-001
       100   0.15277778E-001
       101   0.15277778E-001
       102   0.15277778E-001
       103   0.15277778E-001
       104   0.15277778E-001
       105   0.15277778E-001
       106   0.15277778E-001
       107   0.15277778E-001
       108   0.15277778E-001
       109   0.15277778E-001
       110   0.15277778E-001
       111   0.15277778E-001
       112   0.15277778E-001
       113   0.15277778E-001
       114   0.15277778E-001
       115   0.15277778E-001
       116   0.15277778E-001
       117   0.15277778E-001
       118   0.15277778E-001
       119   0.15277778E-001
       120   0.15277778E-001
       121   0.15277778E-001
       122   0.15277778E-001
       123   0.15277778E-001
       124   0.15277778E-001
       125   0.15277778E-001
       126   0.15277778E-001
       127   0.15277778E-001
       128   0.15277778E-001
       129   0.15277778E-001
       130   0.15277778E-001
      0.1400000000E+04            140
         1   0.18055556E-001
         2   0.18055556E-001
         3   0.18055556E-001
         4   0.18055556E-001
         5   0.18055556E-001
         6   0.18055556E-001
         7   0.18055556E-001
         8   0.18055556E-001
         9   0.18055556E-001
        10   0.18055556E-001
        11   0.18055556E-001
        12   0.18055556E-001
        13   0.18055556E-001
        14   0.18055556E-001
        15   0.18055556E-001
        16   0.18055556E-001
        17   0.18055556E-001
        18   0.18055556E-001
        19   0.18055556E-001
        20   0.18055556E-001
        21   0.18055556E-001
        22   0.18055556E-001
        23   0.18055556E-001
        24   0.18055556E-001
        25   0.18055556E-001
        26   0.18055556E-001
        27   0.18055556E-001
        28   0.18055556E-001
        29   0.18055556E-001
        30   0.18055556E-001
        31   0.18055556E-001
        32   0.18055556E-001
        33   0.18055556E-001
        34   0.18055556E-001
        35   0.18055556E-001
        36   0.18055556E-001
        37   0.18055556E-001
        38   0.18055556E-001
        39   0.18055556E-001
        40   0.18055556E-001
        41   0.18055556E-001
        42   0.18055556E-001
        43   0.18055556E-001
        44   0.18055556E-001
        45   0.18055556E-001
        46   0.18055556E-001
        47   0.18055556E-001
        48   0.18055556E-001
        49   0.18055556E-001
        50   0.18055556E-001
        51   0.18055556E-001
        52   0.18055556E-001
        53   0.18055556E-001
        54   0.18055556E-001
        55   0.18055556E-001
        56   0.18055556E-001
        57   0.18055556E-001
        58   0.18055556E-001
        59   0.18055556E-001
        60   0.18055556E-001
        61   0.18055556E-001
        62   0.18055556E-001
        63   0.18055556E-001
        64   0.18055556E-001
        65   0.18055556E-001
        66   0.18055556E-001
        67   0.18055556E-001
        68   0.18055556E-001
        69   0.18055556E-001
        70   0.18055556E-001
        71   0.18055556E-001
        72   0.18055556E-001
        73   0.18055556E-001
        74   0.18055556E-001
        75   0.18055556E-001
        76   0.18055556E-001
        77   0.18055556E-001
        78   0.18055556E-001
        79   0.18055556E-001
        80   0.18055556E-001
        81   0.18055556E-001
        82   0.18055556E-001
        83   0.18055556E-001
        84   0.18055556E-001
        85   0.18055556E-001
        86   0.18055556E-001
        87   0.18055556E-001
        88   0.18055556E-001
        89   0.18055556E-001
        90   0.18055556E-001
        91   0.18055556E-001
        92   0.18055556E-001
        93   0.18055556E-001
        94   0.18055556E-001
        95   0.18055556E-001
        96   0.18055556E-001
        97   0.18055556E-001
        98   0.18055556E-001
        99   0.18055556E-001
       100   0.18055556E-001
       101   0.18055556E-001
       102   0.18055556E-001
       103   0.18055556E-001
       104   0.18055556E-001
       105   0.18055556E-001
       106   0.18055556E-001
       107   0.18055556E-001
       108   0.18055556E-001
       109   0.18055556E-001
       110   0.18055556E-001
       111   0.18055556E-001
       112   0.18055556E-001
       113   0.18055556E-001
       114   0.18055556E-001
       115   0.18055556E-001
       116   0.18055556E-001
       117   0.18055556E-001
       118   0.18055556E-001
       119   0.18055556E-001
       120   0.18055556E-001
       121   0.18055556E-001
       122   0.18055556E-001
       123   0.18055556E-001
       124   0.18055556E-001
       125   0.18055556E-001
       126   0.18055556E-001
       127   0.18055556E-001
       128   0.18055556E-001
       129   0.18055556E-001
       130   0.18055556E-001
      0.1600000000E+04            160
         1   0.20833333E-001
         2   0.20833333E-001
         3   0.20833333E-001
         4   0.20833333E-001
         5   0.20833333E-001
         6   0.20833333E-001
         7   0.20833333E-001
         8   0.20833333E-001
         9   0.20833333E-001
        10   0.20833333E-001
        11   0.20833333E-001
        12   0.20833333E-001
        13   0.20833333E-001
        14   0.20833333E-001
        15   0.20833333E-001
        16   0.20833333E-001
        17   0.20833333E-001
        18   0.20833333E-001
        19   0.20833333E-001
        20   0.20833333E-001
        21   0.20833333E-001
        22   0.20833333E-001
        23   0.20833333E-001
        24   0.20833333E-001
        25   0.20833333E-001
        26   0.20833333E-001
        27   0.20833333E-001
        28   0.20833333E-001
        29   0.20833333E-001
        30   0.20833333E-001
        31   0.20833333E-001
        32   0.20833333E-001
        33   0.20833333E-001
        34   0.20833333E-001
        35   0.20833333E-001
        36   0.20833333E-001
        37   0.20833333E-001
        38   0.20833333E-001
        39   0.20833333E-001
        40   0.20833333E-001
        41   0.20833333E-001
        42   0.20833333E-001
        43   0.20833333E-001
        44   0.20833333E-001
        45   0.20833333E-001
        46   0.20833333E-001
        47   0.20833333E-001
        48   0.20833333E-001
        49   0.20833333E-001
        50   0.20833333E-001
        51   0.20833333E-001
        52   0.20833333E-001
        53   0.20833333E-001
        54   0.20833333E-001
        55   0.20833333E-001
        56   0.20833333E-001
        57   0.20833333E-001
        58   0.20833333E-001
        59   0.20833333E-001
        60   0.20833333E-001
        61   0.20833333E-001
        62   0.20833333E-001
        63   0.20833333E-001
        64   0.20833333E-001
        65   0.20833333E-001
        66   0.20833333E-001
        67   0.20833333E-001
        68   0.20833333E-001
        69   0.20833333E-001
        70   0.20833333E-001
        71   0.20833333E-001
        72   0.20833333E-001
        73   0.20833333E-001
        74   0.20833333E-001
        75   0.20833333E-001
        76   0.20833333E-001
        77   0.20833333E-001
        78   0.20833333E-001
        79   0.20833333E-001
        80   0.20833333E-001
        81   0.20833333E-001
        82   0.20833333E-001
        83   0.20833333E-001
        84   0.20833333E-001
        85   0.20833333E-001
        86   0.20833333E-001
        87   0.20833333E-001
        88   0.20833333E-001
        89   0.20833333E-001
        90   0.20833333E-001
        91   0.20833333E-001
        92   0.20833333E-001
        93   0.20833333E-001
        94   0.20833333E-001
        95   0.20833333E-001
        96   0.20833333E-001
        97   0.20833333E-001
        98   0.20833333E-001
        99   0.20833333E-001
       100   0.20833333E-001
       101   0.20833333E-001
       102   0.20833333E-001
       103   0.20833333E-001
       104   0.20833333E-001
       105   0.20833333E-001
       106   0.20833333E-001
       107   0.20833333E-001
       108   0.20833333E-001
       109   0.20833333E-001
       110   0.20833333E-001
       111   0.20833333E-001
       112   0.20833333E-001
       113   0.20833333E-001
       114   0.20833333E-001
       115   0.20833333E-001
       116   0.20833333E-001
       117   0.20833333E-001
       118   0.20833333E-001
       119   0.20833333E-001
       120   0.20833333E-001
       121   0.20833333E-001
       122   0.20833333E-001
       123   0.20833333E-001
       124   0.20833333E-001
       125   0.20833333E-001
       126   0.20833333E-001
       127   0.20833333E-001
       128   0.20833333E-001
       129   0.20833333E-001
       130   0.20833333E-001
      0.1800000000E+04            180
         1   0.23611111E-001
         2   0.23611111E-001
         3   0.23611111E-001
         4   0.23611111E-001
         5   0.23611111E-001
         6   0.23611111E-001
         7   0.23611111E-001
         8   0.23611111E-001
         9   0.23611111E-001
        10   0.23611111E-001
        11   0.23611111E-001
        12   0.23611111E-001
        13   0.23611111E-001
        14   0.23611111E-001
        15   0.23611111E-001
        16   0.23611111E-001
        17   0.23611111E-001
        18   0.23611111E-001
        19   0.23611111E-001
        20   0.23611111E-001
        21   0.23611111E-001
        22   0.23611111E-001
        23   0.23611111E-001
        24   0.23611111E-001
        25   0.23611111E-001
        26   0.23611111E-001
        27   0.23611111E-001
        28   0.23611111E-001
        29   0.23611111E-001
        30   0.23611111E-001
        31   0.23611111E-001
        32   0.23611111E-001
        33   0.23611111E-001
        34   0.23611111E-001
        35   0.23611111E-001
        36   0.23611111E-001
        37   0.23611111E-001
        38   0.23611111E-001
        39   0.23611111E-001
        40   0.23611111E-001
        41   0.23611111E-001
        42   0.23611111E-001
        43   0.23611111E-001
        44   0.23611111E-001
        45   0.23611111E-001
        46   0.23611111E-001
        47   0.23611111E-001
        48   0.23611111E-001
        49   0.23611111E-001
        50   0.23611111E-001
        51   0.23611111E-001
        52   0.23611111E-001
        53   0.23611111E-001
        54   0.23611111E-001
        55   0.23611111E-001
        56   0.23611111E-001
        57   0.23611111E-001
        58   0.23611111E-001
        59   0.23611111E-001
        60   0.23611111E-001
        61   0.23611111E-001
        62   0.23611111E-001
        63   0.23611111E-001
        64   0.23611111E-001
        65   0.23611111E-001
        66   0.23611111E-001
        67   0.23611111E-001
        68   0.23611111E-001
        69   0.23611111E-001
        70   0.23611111E-001
        71   0.23611111E-001
        72   0.23611111E-001
        73   0.23611111E-001
        74   0.23611111E-001
        75   0.23611111E-001
        76   0.23611111E-001
        77   0.23611111E-001
        78   0.23611111E-001
        79   0.23611111E-001
        80   0.23611111E-001
        81   0.23611111E-001
        82   0.23611111E-001
        83   0.23611111E-001
        84   0.23611111E-001
        85   0.23611111E-001
        86   0.23611111E-001
        87   0.23611111E-001
        88   0.23611111E-001
        89   0.23611111E-001
        90   0.23611111E-001
        91   0.23611111E-001
        92   0.23611111E-001
        93   0.23611111E-001
        94   0.23611111E-001
        95   0.23611111E-001
        96   0.23611111E-001
        97   0.23611111E-001
        98   0.23611111E-001
        99   0.23611111E-001
       100   0.23611111E-001
       101   0.23611111E-001
       102   0.23611111E-001
       103   0.23611111E-001
       104   0.23611111E-001
       105   0.23611111E-001
       106   0.23611111E-001
       107   0.23611111E-001
       108   0.23611111E-001
       109   0.23611111E-001
       110   0.23611111E-001
       111   0.23611111E-001
       112   0.23611111E-001
       113   0.23611111E-001
       114   0.23611111E-001
       115   0.23611111E-001
       116   0.23611111E-001
       117   0.23611111E-001
       118   0.23611111E-001
       119   0.23611111E-001
       120   0.23611111E-001
       121   0.23611111E-001
       122   0.23611111E-001
       123   0.23611111E-001
       124   0.23611111E-001
       125   0.23611111E-001
       126   0.23611111E-001
       127   0.23611111E-001
       128   0.23611111E-001
       129   0.23611111E-001
       130   0.23611111E-001
      0.2000000000E+04            200
         1   0.26388889E-001
         2   0.26388889E-001
         3   0.26388889E-001
         4   0.26388889E-001
         5   0.26388889E-001
         6   0.26388889E-001
         7   0.26388889E-001
         8   0.26388889E-001
         9   0.26388889E-001
        10   0.26388889E-001
        11   0.26388889E-001
        12   0.26388889E-001
        13   0.26388889E-001
        14   0.26388889E-001
        15   0.26388889E-001
        16   0.26388889E-001
        17   0.26388889E-001
        18   0.26388889E-001
        19   0.26388889E-001
        20   0.26388889E-001
        21   0.26388889E-001
        22   0.26388889E-001
        23   0.26388889E-001
        24   0.26388889E-001
        25   0.26388889E-001
        26   0.26388889E-001
        27   0.26388889E-001
        28   0.26388889E-001
        29   0.26388889E-001
        30   0.26388889E-001
        31   0.26388889E-001
        32   0.26388889E-001
        33   0.26388889E-001
        34   0.26388889E-001
        35   0.26388889E-001
        36   0.26388889E-001
        37   0.26388889E-001
        38   0.26388889E-001
        39   0.26388889E-001
        40   0.26388889E-001
        41   0.26388889E-001
        42   0.26388889E-001
        43   0.26388889E-001
        44   0.26388889E-001
        45   0.26388889E-001
        46   0.26388889E-001
        47   0.26388889E-001
        48   0.26388889E-001
        49   0.26388889E-001
        50   0.26388889E-001
        51   0.26388889E-001
        52   0.26388889E-001
        53   0.26388889E-001
        54   0.26388889E-001
        55   0.26388889E-001
        56   0.26388889E-001
        57   0.26388889E-001
        58   0.26388889E-001
        59   0.26388889E-001
        60   0.26388889E-001
        61   0.26388889E-001
        62   0.26388889E-001
        63   0.26388889E-001
        64   0.26388889E-001
        65   0.26388889E-001
        66   0.26388889E-001
        67   0.26388889E-001
        68   0.26388889E-001
        69   0.26388889E-001
        70   0.26388889E-001
        71   0.26388889E-001
        72   0.26388889E-001
        73   0.26388889E-001
        74   0.26388889E-001
        75   0.26388889E-001
        76   0.26388889E-001
        77   0.26388889E-001
        78   0.26388889E-001
        79   0.26388889E-001
        80   0.26388889E-001
        81   0.26388889E-001
        82   0.26388889E-001
        83   0.26388889E-001
        84   0.26388889E-001
        85   0.26388889E-001
        86   0.26388889E-001
        87   0.26388889E-001
        88   0.26388889E-001
        89   0.26388889E-001
        90   0.26388889E-001
        91   0.26388889E-001
        92   0.26388889E-001
        93   0.26388889E-001
        94   0.26388889E-001
        95   0.26388889E-001
        96   0.26388889E-001
        97   0.26388889E-001
        98   0.26388889E-001
        99   0.26388889E-001
       100   0.26388889E-001
       101   0.26388889E-001
       102   0.26388889E-001
       103   0.26388889E-001
       104   0.26388889E-001
       105   0.26388889E-001
       106   0.26388889E-001
       107   0.26388889E-001
       108   0.26388889E-001
       109   0.26388889E-001
       110   0.26388889E-001
       111   0.26388889E-001
       112   0.26388889E-001
       113   0.26388889E-001
       114   0.26388889E-001
       115   0.26388889E-001
       116   0.26388889E-001
       117   0.26388889E-001
       118   0.26388889E-001
       119   0.26388889E-001
       120   0.26388889E-001
       121   0.26388889E-001
       122   0.26388889E-001
       123   0.26388889E-001
       124   0.26388889E-001
       125   0.26388889E-001
       126   0.26388889E-001
       127   0.26388889E-001
       128   0.26388889E-001
       129   0.26388889E-001
       130   0.26388889E-001
      0.2200000000E+04            220
         1   0.29166667E-001
         2   0.29166667E-001
         3   0.29166667E-001
         4   0.29166667E-001
         5   0.29166667E-001
         6   0.29166667E-001
         7   0.29166667E-001
         8   0.29166667E-001
         9   0.29166667E-001
        10   0.29166667E-001
        11   0.29166667E-001
        12   0.29166667E-001
        13   0.29166667E-001
        14   0.29166667E-001
        15   0.29166667E-001
        16   0.29166667E-001
        17   0.29166667E-001
        18   0.29166667E-001
        19   0.29166667E-001
        20   0.29166667E-001
        21   0.29166667E-001
        22   0.29166667E-001
        23   0.29166667E-001
        24   0.29166667E-001
        25   0.29166667E-001
        26   0.29166667E-001
        27   0.29166667E-001
        28   0.29166667E-001
        29   0.29166667E-001
        30   0.29166667E-001
        31   0.29166667E-001
        32   0.29166667E-001
        33   0.29166667E-001
        34   0.29166667E-001
        35   0.29166667E-001
        36   0.29166667E-001
        37   0.29166667E-001
        38   0.29166667E-001
        39   0.29166667E-001
        40   0.29166667E-001
        41   0.29166667E-001
        42   0.29166667E-001
        43   0.29166667E-001
        44   0.29166667E-001
        45   0.29166667E-001
        46   0.29166667E-001
        47   0.29166667E-001
        48   0.29166667E-001
        49   0.29166667E-001
        50   0.29166667E-001
        51   0.29166667E-001
        52   0.29166667E-001
        53   0.29166667E-001
        54   0.29166667E-001
        55   0.29166667E-001
        56   0.29166667E-001
        57   0.29166667E-001
        58   0.29166667E-001
        59   0.29166667E-001
        60   0.29166667E-001
        61   0.29166667E-001
        62   0.29166667E-001
        63   0.29166667E-001
        64   0.29166667E-001
        65   0.29166667E-001
        66   0.29166667E-001
        67   0.29166667E-001
        68   0.29166667E-001
        69   0.29166667E-001
        70   0.29166667E-001
        71   0.29166667E-001
        72   0.29166667E-001
        73   0.29166667E-001
        74   0.29166667E-001
        75   0.29166667E-001
        76   0.29166667E-001
        77   0.29166667E-001
        78   0.29166667E-001
        79   0.29166667E-001
        80   0.29166667E-001
        81   0.29166667E-001
        82   0.29166667E-001
        83   0.29166667E-001
        84   0.29166667E-001
        85   0.29166667E-001
        86   0.29166667E-001
        87   0.29166667E-001
        88   0.29166667E-001
        89   0.29166667E-001
        90   0.29166667E-001
        91   0.29166667E-001
        92   0.29166667E-001
        93   0.29166667E-001
        94   0.29166667E-001
        95   0.29166667E-001
        96   0.29166667E-001
        97   0.29166667E-001
        98   0.29166667E-001
        99   0.29166667E-001
       100   0.29166667E-001
       101   0.29166667E-001
       102   0.29166667E-001
       103   0.29166667E-001
       104   0.29166667E-001
       105   0.29166667E-001
       106   0.29166667E-001
       107   0.29166667E-001
       108   0.29166667E-001
       109   0.29166667E-001
       110   0.29166667E-001
       111   0.29166667E-001
       112   0.29166667E-001
       113   0.29166667E-001
       114   0.29166667E-001
       115   0.29166667E-001
       116   0.29166667E-001
       117   0.29166667E-001
       118   0.29166667E-001
       119   0.29166667E-001
       120   0.29166667E-001
       121   0.29166667E-001
       122   0.29166667E-001
       123   0.29166667E-001
       124   0.29166667E-001
       125   0.29166667E-001
       126   0.29166667E-001
       127   0.29166667E-001
       128   0.29166667E-001
       129   0.29166667E-001
       130   0.29166667E-001
      0.2400000000E+04            240
         1   0.31944444E-001
         2   0.31944444E-001
         3   0.31944444E-001
         4   0.31944444E-001
         5   0.31944444E-001
         6   0.31944444E-001
         7   0.31944444E-001
         8   0.31944444E-001
         9   0.31944444E-001
        10   0.31944444E-001
        11   0.31944444E-001
        12   0.31944444E-001
        13   0.31944444E-001
        14   0.31944444E-001
        15   0.31944444E-001
        16   0.31944444E-001
        17   0.31944444E-001
        18   0.31944444E-001
        19   0.31944444E-001
        20   0.31944444E-001
        21   0.31944444E-001
        22   0.31944444E-001
        23   0.31944444E-001
        24   0.31944444E-001
        25   0.31944444E-001
        26   0.31944444E-001
        27   0.31944444E-001
        28   0.31944444E-001
        29   0.31944444E-001
        30   0.31944444E-001
        31   0.31944444E-001
        32   0.31944444E-001
        33   0.31944444E-001
        34   0.31944444E-001
        35   0.31944444E-001
        36   0.31944444E-001
        37   0.31944444E-001
        38   0.31944444E-001
        39   0.31944444E-001
        40   0.31944444E-001
        41   0.31944444E-001
        42   0.31944444E-001
        43   0.31944444E-001
        44   0.31944444E-001
        45   0.31944444E-001
        46   0.31944444E-001
        47   0.31944444E-001
        48   0.31944444E-001
        49   0.31944444E-001
        50   0.31944444E-001
        51   0.31944444E-001
        52   0.31944444E-001
        53   0.31944444E-001
        54   0.31944444E-001
        55   0.31944444E-001
        56   0.31944444E-001
        57   0.31944444E-001
        58   0.31944444E-001
        59   0.31944444E-001
        60   0.31944444E-001
        61   0.31944444E-001
        62   0.31944444E-001
        63   0.31944444E-001
        64   0.31944444E-001
        65   0.31944444E-001
        66   0.31944444E-001
        67   0.31944444E-001
        68   0.31944444E-001
        69   0.31944444E-001
        70   0.31944444E-001
        71   0.31944444E-001
        72   0.31944444E-001
        73   0.31944444E-001
        74   0.31944444E-001
        75   0.31944444E-001
        76   0.31944444E-001
        77   0.31944444E-001
        78   0.31944444E-001
        79   0.31944444E-001
        80   0.31944444E-001
        81   0.31944444E-001
        82   0.31944444E-001
        83   0.31944444E-001
        84   0.31944444E-001
        85   0.31944444E-001
        86   0.31944444E-001
        87   0.31944444E-001
        88   0.31944444E-001
        89   0.31944444E-001
        90   0.31944444E-001
        91   0.31944444E-001
        92   0.31944444E-001
        93   0.31944444E-001
        94   0.31944444E-001
        95   0.31944444E-001
        96   0.31944444E-001
        97   0.31944444E-001
        98   0.31944444E-001
        99   0.31944444E-001
       100   0.31944444E-001
       101   0.31944444E-001
       102   0.31944444E-001
       103   0.31944444E-001
       104   0.31944444E-001
       105   0.31944444E-001
       106   0.31944444E-001
       107   0.31944444E-001
       108   0.31944444E-001
       109   0.31944444E-001
       110   0.31944444E-001
       111   0.31944444E-001
       112   0.31944444E-001
       113   0.31944444E-001
       114   0.31944444E-001
       115   0.31944444E-001
       116   0.31944444E-001
       117   0.31944444E-001
       118   0.31944444E-001
       119   0.31944444E-001
       120   0.31944444E-001
       121   0.31944444E-001
       122   0.31944444E-001
       123   0.31944444E-001
       124   0.31944444E-001
       125   0.31944444E-001
       126   0.31944444E-001
       127   0.31944444E-001
       128   0.31944444E-001
       129   0.31944444E-001
       130   0.31944444E-001
      0.2600000000E+04            260
         1   0.34722222E-001
         2   0.34722222E-001
         3   0.34722222E-001
         4   0.34722222E-001
         5   0.34722222E-001
         6   0.34722222E-001
         7   0.34722222E-001
         8   0.34722222E-001
         9   0.34722222E-001
        10   0.34722222E-001
        11   0.34722222E-001
        12   0.34722222E-001
        13   0.34722222E-001
        14   0.34722222E-001
        15   0.34722222E-001
        16   0.34722222E-001
        17   0.34722222E-001
        18   0.34722222E-001
        19   0.34722222E-001
        20   0.34722222E-001
        21   0.34722222E-001
        22   0.34722222E-001
        23   0.34722222E-001
        24   0.34722222E-001
        25   0.34722222E-001
        26   0.34722222E-001
        27   0.34722222E-001
        28   0.34722222E-001
        29   0.34722222E-001
        30   0.34722222E-001
        31   0.34722222E-001
        32   0.34722222E-001
        33   0.34722222E-001
        34   0.34722222E-001
        35   0.34722222E-001
        36   0.34722222E-001
        37   0.34722222E-001
        38   0.34722222E-001
        39   0.34722222E-001
        40   0.34722222E-001
        41   0.34722222E-001
        42   0.34722222E-001
        43   0.34722222E-001
        44   0.34722222E-001
        45   0.34722222E-001
        46   0.34722222E-001
        47   0.34722222E-001
        48   0.34722222E-001
        49   0.34722222E-001
        50   0.34722222E-001
        51   0.34722222E-001
        52   0.34722222E-001
        53   0.34722222E-001
        54   0.34722222E-001
        55   0.34722222E-001
        56   0.34722222E-001
        57   0.34722222E-001
        58   0.34722222E-001
        59   0.34722222E-001
        60   0.34722222E-001
        61   0.34722222E-001
        62   0.34722222E-001
        63   0.34722222E-001
        64   0.34722222E-001
        65   0.34722222E-001
        66   0.34722222E-001
        67   0.34722222E-001
        68   0.34722222E-001
        69   0.34722222E-001
        70   0.34722222E-001
        71   0.34722222E-001
        72   0.34722222E-001
        73   0.34722222E-001
        74   0.34722222E-001
        75   0.34722222E-001
        76   0.34722222E-001
        77   0.34722222E-001
        78   0.34722222E-001
        79   0.34722222E-001
        80   0.34722222E-001
        81   0.34722222E-001
        82   0.34722222E-001
        83   0.34722222E-001
        84   0.34722222E-001
        85   0.34722222E-001
        86   0.34722222E-001
        87   0.34722222E-001
        88   0.34722222E-001
        89   0.34722222E-001
        90   0.34722222E-001
        91   0.34722222E-001
        92   0.34722222E-001
        93   0.34722222E-001
        94   0.34722222E-001
        95   0.34722222E-001
        96   0.34722222E-001
        97   0.34722222E-001
        98   0.34722222E-001
        99   0.34722222E-001
       100   0.34722222E-001
       101   0.34722222E-001
       102   0.34722222E-001
       103   0.34722222E-001
       104   0.34722222E-001
       105   0.34722222E-001
       106   0.34722222E-001
       107   0.34722222E-001
       108   0.34722222E-001
       109   0.34722222E-001
       110   0.34722222E-001
       111   0.34722222E-001
       112   0.34722222E-001
       113   0.34722222E-001
       114   0.34722222E-001
       115   0.34722222E-001
       116   0.34722222E-001
       117   0.34722222E-001
       118   0.34722222E-001
       119   0.34722222E-001
       120   0.34722222E-001
       121   0.34722222E-001
       122   0.34722222E-001
       123   0.34722222E-001
       124   0.34722222E-001
       125   0.34722222E-001
       126   0.34722222E-001
       127   0.34722222E-001
       128   0.34722222E-001
       129   0.34722222E-001
       130   0.34722222E-001
      0.2800000000E+04            280
         1   0.37500000E-001
         2   0.37500000E-001
         3   0.37500000E-001
         4   0.37500000E-001
         5   0.37500000E-001
         6   0.37500000E-001
         7   0.37500000E-001
         8   0.37500000E-001
         9   0.37500000E-001
        10   0.37500000E-001
        11   0.37500000E-001
        12   0.37500000E-001
        13   0.37500000E-001
        14   0.37500000E-001
        15   0.37500000E-001
        16   0.37500000E-001
        17   0.37500000E-001
        18   0.37500000E-001
        19   0.37500000E-001
        20   0.37500000E-001
        21   0.37500000E-001
        22   0.37500000E-001
        23   0.37500000E-001
        24   0.37500000E-001
        25   0.37500000E-001
        26   0.37500000E-001
        27   0.37500000E-001
        28   0.37500000E-001
        29   0.37500000E-001
        30   0.37500000E-001
        31   0.37500000E-001
        32   0.37500000E-001
        33   0.37500000E-001
        34   0.37500000E-001
        35   0.37500000E-001
        36   0.37500000E-001
        37   0.37500000E-001
        38   0.37500000E-001
        39   0.37500000E-001
        40   0.37500000E-001
        41   0.37500000E-001
        42   0.37500000E-001
        43   0.37500000E-001
        44   0.37500000E-001
        45   0.37500000E-001
        46   0.37500000E-001
        47   0.37500000E-001
        48   0.37500000E-001
        49   0.37500000E-001
        50   0.37500000E-001
        51   0.37500000E-001
        52   0.37500000E-001
        53   0.37500000E-001
        54   0.37500000E-001
        55   0.37500000E-001
        56   0.37500000E-001
        57   0.37500000E-001
        58   0.37500000E-001
        59   0.37500000E-001
        60   0.37500000E-001
        61   0.37500000E-001
        62   0.37500000E-001
        63   0.37500000E-001
        64   0.37500000E-001
        65   0.37500000E-001
        66   0.37500000E-001
        67   0.37500000E-001
        68   0.37500000E-001
        69   0.37500000E-001
        70   0.37500000E-001
        71   0.37500000E-001
        72   0.37500000E-001
        73   0.37500000E-001
        74   0.37500000E-001
        75   0.37500000E-001
        76   0.37500000E-001
        77   0.37500000E-001
        78   0.37500000E-001
        79   0.37500000E-001
        80   0.37500000E-001
        81   0.37500000E-001
        82   0.37500000E-001
        83   0.37500000E-001
        84   0.37500000E-001
        85   0.37500000E-001
        86   0.37500000E-001
        87   0.37500000E-001
        88   0.37500000E-001
        89   0.37500000E-001
        90   0.37500000E-001
        91   0.37500000E-001
        92   0.37500000E-001
        93   0.37500000E-001
        94   0.37500000E-001
        95   0.37500000E-001
        96   0.37500000E-001
        97   0.37500000E-001
        98   0.37500000E-001
        99   0.37500000E-001
       100   0.37500000E-001
       101   0.37500000E-001
       102   0.37500000E-001
       103   0.37500000E-001
       104   0.37500000E-001
       105   0.37500000E-001
       106   0.37500000E-001
       107   0.37500000E-001
       108   0.37500000E-001
       109   0.37500000E-001
       110   0.37500000E-001
       111   0.37500000E-001
       112   0.37500000E-001
       113   0.37500000E-001
       114   0.37500000E-001
       115   0.37500000E-001
       116   0.37500000E-001
       117   0.37500000E-001
       118   0.37500000E-001
       119   0.37500000E-001
       120   0.37500000E-001
       121   0.37500000E-001
       122   0.37500000E-001
       123   0.37500000E-001
       124   0.37500000E-001
       125   0.37500000E-001
       126   0.37500000E-001
       127   0.37500000E-001
       128   0.37500000E-001
       129   0.37500000E-001
       130   0.37500000E-001
      0.3000000000E+04            300
         1   0.40277778E-001
         2   0.40277778E-001
         3   0.40277778E-001
         4   0.40277778E-001
         5   0.40277778E-001
         6   0.40277778E-001
         7   0.40277778E-001
         8   0.40277778E-001
         9   0.40277778E-001
        10   0.40277778E-001
        11   0.40277778E-001
        12   0.40277778E-001
        13   0.40277778E-001
        14   0.40277778E-001
        15   0.40277778E-001
        16   0.40277778E-001
        17   0.40277778E-001
        18   0.40277778E-001
        19   0.40277778E-001
        20   0.40277778E-001
        21   0.40277778E-001
        22   0.40277778E-001
        23   0.40277778E-001
        24   0.40277778E-001
        25   0.40277778E-001
        26   0.40277778E-001
        27   0.40277778E-001
        28   0.40277778E-001
        29   0.40277778E-001
        30   0.40277778E-001
        31   0.40277778E-001
        32   0.40277778E-001
        33   0.40277778E-001
        34   0.40277778E-001
        35   0.40277778E-001
        36   0.40277778E-001
        37   0.40277778E-001
        38   0.40277778E-001
        39   0.40277778E-001
        40   0.40277778E-001
        41   0.40277778E-001
        42   0.40277778E-001
        43   0.40277778E-001
        44   0.40277778E-001
        45   0.40277778E-001
        46   0.40277778E-001
        47   0.40277778E-001
        48   0.40277778E-001
        49   0.40277778E-001
        50   0.40277778E-001
        51   0.40277778E-001
        52   0.40277778E-001
        53   0.40277778E-001
        54   0.40277778E-001
        55   0.40277778E-001
        56   0.40277778E-001
        57   0.40277778E-001
        58   0.40277778E-001
        59   0.40277778E-001
        60   0.40277778E-001
        61   0.40277778E-001
        62   0.40277778E-001
        63   0.40277778E-001
        64   0.40277778E-001
        65   0.40277778E-001
        66   0.40277778E-001
        67   0.40277778E-001
        68   0.40277778E-001
        69   0.40277778E-001
        70   0.40277778E-001
        71   0.40277778E-001
        72   0.40277778E-001
        73   0.40277778E-001
        74   0.40277778E-001
        75   0.40277778E-001
        76   0.40277778E-001
        77   0.40277778E-001
        78   0.40277778E-001
        79   0.40277778E-001
        80   0.40277778E-001
        81   0.40277778E-001
        82   0.40277778E-001
        83   0.40277778E-001
        84   0.40277778E-001
        85   0.40277778E-001
        86   0.40277778E-001
        87   0.40277778E-001
        88   0.40277778E-001
        89   0.40277778E-001
        90   0.40277778E-001
        91   0.40277778E-001
        92   0.40277778E-001
        93   0.40277778E-001
        94   0.40277778E-001
        95   0.40277778E-001
        96   0.40277778E-001
        97   0.40277778E-001
        98   0.40277778E-001
        99   0.40277778E-001
       100   0.40277778E-001
       101   0.40277778E-001
       102   0.40277778E-001
       103   0.40277778E-001
       104   0.40277778E-001
       105   0.40277778E-001
       106   0.40277778E-001
       107   0.40277778E-001
       108   0.40277778E-001
       109   0.40277778E-001
       110   0.40277778E-001
       111   0.40277778E-001
       112   0.40277778E-001
       113   0.40277778E-001
       114   0.40277778E-001
       115   0.40277778E-001
       116   0.40277778E-001
       117   0.40277778E-001
       118   0.40277778E-001
       119   0.40277778E-001
       120   0.40277778E-001
       121   0.40277778E-001
       122   0.40277778E-001
       123   0.40277778E-001
       124   0.40277778E-001
       125   0.40277778E-001
       126   0.40277778E-001
       127   0.40277778E-001
       128   0.40277778E-001
       129   0.40277778E-001
       130   0.40277778E-001
      0.3200000000E+04            320
         1   0.43055556E-001
         2   0.43055556E-001
         3   0.43055556E-001
         4   0.43055556E-001
         5   0.43055556E-001
         6   0.43055556E-001
         7   0.43055556E-001
         8   0.43055556E-001
         9   0.43055556E-001
        10   0.43055556E-001
        11   0.43055556E-001
        12   0.43055556E-001
        13   0.43055556E-001
        14   0.43055556E-001
        15   0.43055556E-001
        16   0.43055556E-001
        17   0.43055556E-001
        18   0.43055556E-001
        19   0.43055556E-001
        20   0.43055556E-001
        21   0.43055556E-001
        22   0.43055556E-001
        23   0.43055556E-001
        24   0.43055556E-001
        25   0.43055556E-001
        26   0.43055556E-001
        27   0.43055556E-001
        28   0.43055556E-001
        29   0.43055556E-001
        30   0.43055556E-001
        31   0.43055556E-001
        32   0.43055556E-001
        33   0.43055556E-001
        34   0.43055556E-001
        35   0.43055556E-001
        36   0.43055556E-001
        37   0.43055556E-001
        38   0.43055556E-001
        39   0.43055556E-001
        40   0.43055556E-001
        41   0.43055556E-001
        42   0.43055556E-001
        43   0.43055556E-001
        44   0.43055556E-001
        45   0.43055556E-001
        46   0.43055556E-001
        47   0.43055556E-001
        48   0.43055556E-001
        49   0.43055556E-001
        50   0.43055556E-001
        51   0.43055556E-001
        52   0.43055556E-001
        53   0.43055556E-001
        54   0.43055556E-001
        55   0.43055556E-001
        56   0.43055556E-001
        57   0.43055556E-001
        58   0.43055556E-001
        59   0.43055556E-001
        60   0.43055556E-001
        61   0.43055556E-001
        62   0.43055556E-001
        63   0.43055556E-001
        64   0.43055556E-001
        65   0.43055556E-001
        66   0.43055556E-001
        67   0.43055556E-001
        68   0.43055556E-001
        69   0.43055556E-001
        70   0.43055556E-001
        71   0.43055556E-001
        72   0.43055556E-001
        73   0.43055556E-001
        74   0.43055556E-001
        75   0.43055556E-001
        76   0.43055556E-001
        77   0.43055556E-001
        78   0.43055556E-001
        79   0.43055556E-001
        80   0.43055556E-001
        81   0.43055556E-001
        82   0.43055556E-001
        83   0.43055556E-001
        84   0.43055556E-001
        85   0.43055556E-001
        86   0.43055556E-001
        87   0.43055556E-001
        88   0.43055556E-001
        89   0.43055556E-001
        90   0.43055556E-001
        91   0.43055556E-001
        92   0.43055556E-001
        93   0.43055556E-001
        94   0.43055556E-001
        95   0.43055556E-001
        96   0.43055556E-001
        97   0.43055556E-001
        98   0.43055556E-001
        99   0.43055556E-001
       100   0.43055556E-001
       101   0.43055556E-001
       102   0.43055556E-001
       103   0.43055556E-001
       104   0.43055556E-001
       105   0.43055556E-001
       106   0.43055556E-001
       107   0.43055556E-001
       108   0.43055556E-001
       109   0.43055556E-001
       110   0.43055556E-001
       111   0.43055556E-001
       112   0.43055556E-001
       113   0.43055556E-001
       114   0.43055556E-001
       115   0.43055556E-001
       116   0.43055556E-001
       117   0.43055556E-001
       118   0.43055556E-001
       119   0.43055556E-001
       120   0.43055556E-001
       121   0.43055556E-001
       122   0.43055556E-001
       123   0.43055556E-001
       124   0.43055556E-001
       125   0.43055556E-001
       126   0.43055556E-001
       127   0.43055556E-001
       128   0.43055556E-001
       129   0.43055556E-001
       130   0.43055556E-001
      0.3400000000E+04            340
         1   0.45833333E-001
         2   0.45833333E-001
         3   0.45833333E-001
         4   0.45833333E-001
         5   0.45833333E-001
         6   0.45833333E-001
         7   0.45833333E-001
         8   0.45833333E-001
         9   0.45833333E-001
        10   0.45833333E-001
        11   0.45833333E-001
        12   0.45833333E-001
        13   0.45833333E-001
        14   0.45833333E-001
        15   0.45833333E-001
        16   0.45833333E-001
        17   0.45833333E-001
        18   0.45833333E-001
        19   0.45833333E-001
        20   0.45833333E-001
        21   0.45833333E-001
        22   0.45833333E-001
        23   0.45833333E-001
        24   0.45833333E-001
        25   0.45833333E-001
        26   0.45833333E-001
        27   0.45833333E-001
        28   0.45833333E-001
        29   0.45833333E-001
        30   0.45833333E-001
        31   0.45833333E-001
        32   0.45833333E-001
        33   0.45833333E-001
        34   0.45833333E-001
        35   0.45833333E-001
        36   0.45833333E-001
        37   0.45833333E-001
        38   0.45833333E-001
        39   0.45833333E-001
        40   0.45833333E-001
        41   0.45833333E-001
        42   0.45833333E-001
        43   0.45833333E-001
        44   0.45833333E-001
        45   0.45833333E-001
        46   0.45833333E-001
        47   0.45833333E-001
        48   0.45833333E-001
        49   0.45833333E-001
        50   0.45833333E-001
        51   0.45833333E-001
        52   0.45833333E-001
        53   0.45833333E-001
        54   0.45833333E-001
        55   0.45833333E-001
        56   0.45833333E-001
        57   0.45833333E-001
        58   0.45833333E-001
        59   0.45833333E-001
        60   0.45833333E-001
        61   0.45833333E-001
        62   0.45833333E-001
        63   0.45833333E-001
        64   0.45833333E-001
        65   0.45833333E-001
        66   0.45833333E-001
        67   0.45833333E-001
        68   0.45833333E-001
        69   0.45833333E-001
        70   0.45833333E-001
        71   0.45833333E-001
        72   0.45833333E-001
        73   0.45833333E-001
        74   0.45833333E-001
        75   0.45833333E-001
        76   0.45833333E-001
        77   0.45833333E-001
        78   0.45833333E-001
        79   0.45833333E-001
        80   0.45833333E-001
        81   0.45833333E-001
        82   0.45833333E-001
        83   0.45833333E-001
        84   0.45833333E-001
        85   0.45833333E-001
        86   0.45833333E-001
        87   0.45833333E-001
        88   0.45833333E-001
        89   0.45833333E-001
        90   0.45833333E-001
        91   0.45833333E-001
        92   0.45833333E-001
        93   0.45833333E-001
        94   0.45833333E-001
        95   0.45833333E-001
        96   0.45833333E-001
        97   0.45833333E-001
        98   0.45833333E-001
        99   0.45833333E-001
       100   0.45833333E-001
       101   0.45833333E-001
       102   0.45833333E-001
       103   0.45833333E-001
       104   0.45833333E-001
       105   0.45833333E-001
       106   0.45833333E-001
       107   0.45833333E-001
       108   0.45833333E-001
       109   0.45833333E-001
       110   0.45833333E-001
       111   0.45833333E-001
       112   0.45833333E-001
       113   0.45833333E-001
       114   0.45833333E-001
       115   0.45833333E-001
       116   0.45833333E-001
       117   0.45833333E-001
       118   0.45833333E-001
       119   0.45833333E-001
       120   0.45833333E-001
       121   0.45833333E-001
       122   0.45833333E-001
       123   0.45833333E-001
       124   0.45833333E-001
       125   0.45833333E-001
       126   0.45833333E-001
       127   0.45833333E-001
       128   0.45833333E-001
       129   0.45833333E-001
       130   0.45833333E-001
      0.3600000000E+04            360
         1   0.48611111E-001
         2   0.48611111E-001
         3   0.48611111E-001
         4   0.48611111E-001
         5   0.48611111E-001
         6   0.48611111E-001
         7   0.48611111E-001
         8   0.48611111E-001
         9   0.48611111E-001
        10   0.48611111E-001
        11   0.48611111E-001
        12   0.48611111E-001
        13   0.48611111E-001
        14   0.48611111E-001
        15   0.48611111E-001
        16   0.48611111E-001
        17   0.48611111E-001
        18   0.48611111E-001
        19   0.48611111E-001
        20   0.48611111E-001
        21   0.48611111E-001
        22   0.48611111E-001
        23   0.48611111E-001
        24   0.48611111E-001
        25   0.48611111E-001
        26   0.48611111E-001
        27   0.48611111E-001
        28   0.48611111E-001
        29   0.48611111E-001
        30   0.48611111E-001
        31   0.48611111E-001
        32   0.48611111E-001
        33   0.48611111E-001
        34   0.48611111E-001
        35   0.48611111E-001
        36   0.48611111E-001
        37   0.48611111E-001
        38   0.48611111E-001
        39   0.48611111E-001
        40   0.48611111E-001
        41   0.48611111E-001
        42   0.48611111E-001
        43   0.48611111E-001
        44   0.48611111E-001
        45   0.48611111E-001
        46   0.48611111E-001
        47   0.48611111E-001
        48   0.48611111E-001
        49   0.48611111E-001
        50   0.48611111E-001
        51   0.48611111E-001
        52   0.48611111E-001
        53   0.48611111E-001
        54   0.48611111E-001
        55   0.48611111E-001
        56   0.48611111E-001
        57   0.48611111E-001
        58   0.48611111E-001
        59   0.48611111E-001
        60   0.48611111E-001
        61   0.48611111E-001
        62   0.48611111E-001
        63   0.48611111E-001
        64   0.48611111E-001
        65   0.48611111E-001
        66   0.48611111E-001
        67   0.48611111E-001
        68   0.48611111E-001
        69   0.48611111E-001
        70   0.48611111E-001
        71   0.48611111E-001
        72   0.48611111E-001
        73   0.48611111E-001
        74   0.48611111E-001
        75   0.48611111E-001
        76   0.48611111E-001
        77   0.48611111E-001
        78   0.48611111E-001
        79   0.48611111E-001
        80   0.48611111E-001
        81   0.48611111E-001
        82   0.48611111E-001
        83   0.48611111E-001
        84   0.48611111E-001
        85   0.48611111E-001
        86   0.48611111E-001
        87   0.48611111E-001
        88   0.48611111E-001
        89   0.48611111E-001
        90   0.48611111E-001
        91   0.48611111E-001
        92   0.48611111E-001
        93   0.48611111E-001
        94   0.48611111E-001
        95   0.48611111E-001
        96   0.48611111E-001
        97   0.48611111E-001
        98   0.48611111E-001
        99   0.48611111E-001
       100   0.48611111E-001
       101   0.48611111E-001
       102   0.48611111E-001
       103   0.48611111E-001
       104   0.48611111E-001
       105   0.48611111E-001
       106   0.48611111E-001
       107   0.48611111E-001
       108   0.48611111E-001
       109   0.48611111E-001
       110   0.48611111E-001
       111   0.48611111E-001
       112   0.48611111E-001
       113   0.48611111E-001
       114   0.48611111E-001
       115   0.48611111E-001
       116   0.48611111E-001
       117   0.48611111E-001
       118   0.48611111E-001
       119   0.48611111E-001
       120   0.48611111E-001
       121   0.48611111E-001
       122   0.48611111E-001
       123   0.48611111E-001
       124   0.48611111E-001
       125   0.48611111E-001
       126   0.48611111E-001
       127   0.48611111E-001
       128   0.48611111E-001
       129   0.48611111E-001
       130   0.48611111E-001
      0.3800000000E+04            380
         1   0.50000000E-001
         2   0.50000000E-001
         3   0.50000000E-001
         4   0.50000000E-001
         5   0.50000000E-001
         6   0.50000000E-001
         7   0.50000000E-001
         8   0.50000000E-001
         9   0.50000000E-001
        10   0.50000000E-001
        11   0.50000000E-001
        12   0.50000000E-001
        13   0.50000000E-001
        14   0.50000000E-001
        15   0.50000000E-001
        16   0.50000000E-001
        17   0.50000000E-001
        18   0.50000000E-001
        19   0.50000000E-001
        20   0.50000000E-001
        21   0.50000000E-001
        22   0.50000000E-001
        23   0.50000000E-001
        24   0.50000000E-001
        25   0.50000000E-001
        26   0.50000000E-001
        27   0.50000000E-001
        28   0.50000000E-001
        29   0.50000000E-001
        30   0.50000000E-001
        31   0.50000000E-001
        32   0.50000000E-001
        33   0.50000000E-001
        34   0.50000000E-001
        35   0.50000000E-001
        36   0.50000000E-001
        37   0.50000000E-001
        38   0.50000000E-001
        39   0.50000000E-001
        40   0.50000000E-001
        41   0.50000000E-001
        42   0.50000000E-001
        43   0.50000000E-001
        44   0.50000000E-001
        45   0.50000000E-001
        46   0.50000000E-001
        47   0.50000000E-001
        48   0.50000000E-001
        49   0.50000000E-001
        50   0.50000000E-001
        51   0.50000000E-001
        52   0.50000000E-001
        53   0.50000000E-001
        54   0.50000000E-001
        55   0.50000000E-001
        56   0.50000000E-001
        57   0.50000000E-001
        58   0.50000000E-001
        59   0.50000000E-001
        60   0.50000000E-001
        61   0.50000000E-001
        62   0.50000000E-001
        63   0.50000000E-001
        64   0.50000000E-001
        65   0.50000000E-001
        66   0.50000000E-001
        67   0.50000000E-001
        68   0.50000000E-001
        69   0.50000000E-001
        70   0.50000000E-001
        71   0.50000000E-001
        72   0.50000000E-001
        73   0.50000000E-001
        74   0.50000000E-001
        75   0.50000000E-001
        76   0.50000000E-001
        77   0.50000000E-001
        78   0.50000000E-001
        79   0.50000000E-001
        80   0.50000000E-001
        81   0.50000000E-001
        82   0.50000000E-001
        83   0.50000000E-001
        84   0.50000000E-001
        85   0.50000000E-001
        86   0.50000000E-001
        87   0.50000000E-001
        88   0.50000000E-001
        89   0.50000000E-001
        90   0.50000000E-001
        91   0.50000000E-001
        92   0.50000000E-001
        93   0.50000000E-001
        94   0.50000000E-001
        95   0.50000000E-001
        96   0.50000000E-001
        97   0.50000000E-001
        98   0.50000000E-001
        99   0.50000000E-001
       100   0.50000000E-001
       101   0.50000000E-001
       102   0.50000000E-001
       103   0.50000000E-001
       104   0.50000000E-001
       105   0.50000000E-001
       106   0.50000000E-001
       107   0.50000000E-001
       108   0.50000000E-001
       109   0.50000000E-001
       110   0.50000000E-001
       111   0.50000000E-001
       112   0.50000000E-001
       113   0.50000000E-001
       114   0.50000000E-001
       115   0.50000000E-001
       116   0.50000000E-001
       117   0.50000000E-001
       118   0.50000000E-001
       119   0.50000000E-001
       120   0.50000000E-001
       121   0.50000000E-001
       122   0.50000000E-001
       123   0.50000000E-001
       124   0.50000000E-001
       125   0.50000000E-001
       126   0.50000000E-001
       127   0.50000000E-001
       128   0.50000000E-001
       129   0.50000000E-001
       130   0.50000000E-001
      0.4000000000E+04            400
         1   0.50000000E-001
         2   0.50000000E-001
         3   0.50000000E-001
         4   0.50000000E-001
         5   0.50000000E-001
         6   0.50000000E-001
         7   0.50000000E-001
         8   0.50000000E-001
         9   0.50000000E-001
        10   0.50000000E-001
        11   0.50000000E-001
        12   0.50000000E-001
        13   0.50000000E-001
        14   0.50000000E-001
        15   0.50000000E-001
        16   0.50000000E-001
        17   0.50000000E-001
        18   0.50000000E-001
        19   0.50000000E-001
        20   0.50000000E-001
        21   0.50000000E-001
        22   0.50000000E-001
        23   0.50000000E-001
        24   0.50000000E-001
        25   0.50000000E-001
        26   0.50000000E-001
        27   0.50000000E-001
        28   0.50000000E-001
        29   0.50000000E-001
        30   0.50000000E-001
        31   0.50000000E-001
        32   0.50000000E-001
        33   0.50000000E-001
        34   0.50000000E-001
        35   0.50000000E-001
        36   0.50000000E-001
        37   0.50000000E-001
        38   0.50000000E-001
        39   0.50000000E-001
        40   0.50000000E-001
        41   0.50000000E-001
        42   0.50000000E-001
        43   0.50000000E-001
        44   0.50000000E-001
        45   0.50000000E-001
        46   0.50000000E-001
        47   0.50000000E-001
        48   0.50000000E-001
        49   0.50000000E-001
        50   0.50000000E-001
        51   0.50000000E-001
        52   0.50000000E-001
        53   0.50000000E-001
        54   0.50000000E-001
        55   0.50000000E-001
        56   0.50000000E-001
        57   0.50000000E-001
        58   0.50000000E-001
        59   0.50000000E-001
        60   0.50000000E-001
        61   0.50000000E-001
        62   0.50000000E-001
        63   0.50000000E-001
        64   0.50000000E-001
        65   0.50000000E-001
        66   0.50000000E-001
        67   0.50000000E-001
        68   0.50000000E-001
        69   0.50000000E-001
        70   0.50000000E-001
        71   0.50000000E-001
        72   0.50000000E-001
        73   0.50000000E-001
        74   0.50000000E-001
        75   0.50000000E-001
        76   0.50000000E-001
        77   0.50000000E-001
        78   0.50000000E-001
        79   0.50000000E-001
        80   0.50000000E-001
        81   0.50000000E-001
        82   0.50000000E-001
        83   0.50000000E-001
        84   0.50000000E-001
        85   0.50000000E-001
        86   0.50000000E-001
        87   0.50000000E-001
        88   0.50000000E-001
        89   0.50000000E-001
        90   0.50000000E-001
        91   0.50000000E-001
        92   0.50000000E-001
        93   0.50000000E-001
        94   0.50000000E-001
        95   0.50000000E-001
        96   0.50000000E-001
        97   0.50000000E-001
        98   0.50000000E-001
        99   0.50000000E-001
       100   0.50000000E-001
       101   0.50000000E-001
       102   0.50000000E-001
       103   0.50000000E-001
       104   0.50000000E-001
       105   0.50000000E-001
       106   0.50000000E-001
       107   0.50000000E-001
       108   0.50000000E-001
       109   0.50000000E-001
       110   0.50000000E-001
       111   0.50000000E-001
       112   0.50000000E-001
       113   0.50000000E-001
       114   0.50000000E-001
       115   0.50000000E-001
       116   0.50000000E-001
       117   0.50000000E-001
       118   0.50000000E-001
       119   0.50000000E-001
       120   0.50000000E-001
       121   0.50000000E-001
       122   0.50000000E-001
       123   0.50000000E-001
       124   0.50000000E-001
       125   0.50000000E-001
       126   0.50000000E-001
       127   0.50000000E-001
       128   0.50000000E-001
       129   0.50000000E-001
       130   0.50000000E-001
      0.4200000000E+04            420
         1   0.50000000E-001
         2   0.50000000E-001
         3   0.50000000E-001
         4   0.50000000E-001
         5   0.50000000E-001
         6   0.50000000E-001
         7   0.50000000E-001
         8   0.50000000E-001
         9   0.50000000E-001
        10   0.50000000E-001
        11   0.50000000E-001
        12   0.50000000E-001
        13   0.50000000E-001
        14   0.50000000E-001
        15   0.50000000E-001
        16   0.50000000E-001
        17   0.50000000E-001
        18   0.50000000E-001
        19   0.50000000E-001
        20   0.50000000E-001
        21   0.50000000E-001
        22   0.50000000E-001
        23   0.50000000E-001
        24   0.50000000E-001
        25   0.50000000E-001
        26   0.50000000E-001
        27   0.50000000E-001
        28   0.50000000E-001
        29   0.50000000E-001
        30   0.50000000E-001
        31   0.50000000E-001
        32   0.50000000E-001
        33   0.50000000E-001
        34   0.50000000E-001
        35   0.50000000E-001
        36   0.50000000E-001
        37   0.50000000E-001
        38   0.50000000E-001
        39   0.50000000E-001
        40   0.50000000E-001
        41   0.50000000E-001
        42   0.50000000E-001
        43   0.50000000E-001
        44   0.50000000E-001
        45   0.50000000E-001
        46   0.50000000E-001
        47   0.50000000E-001
        48   0.50000000E-001
        49   0.50000000E-001
        50   0.50000000E-001
        51   0.50000000E-001
        52   0.50000000E-001
        53   0.50000000E-001
        54   0.50000000E-001
        55   0.50000000E-001
        56   0.50000000E-001
        57   0.50000000E-001
        58   0.50000000E-001
        59   0.50000000E-001
        60   0.50000000E-001
        61   0.50000000E-001
        62   0.50000000E-001
        63   0.50000000E-001
        64   0.50000000E-001
        65   0.50000000E-001
        66   0.50000000E-001
        67   0.50000000E-001
        68   0.50000000E-001
        69   0.50000000E-001
        70   0.50000000E-001
        71   0.50000000E-001
        72   0.50000000E-001
        73   0.50000000E-001
        74   0.50000000E-001
        75   0.50000000E-001
        76   0.50000000E-001
        77   0.50000000E-001
        78   0.50000000E-001
        79   0.50000000E-001
        80   0.50000000E-001
        81   0.50000000E-001
        82   0.50000000E-001
        83   0.50000000E-001
        84   0.50000000E-001
        85   0.50000000E-001
        86   0.50000000E-001
        87   0.50000000E-001
        88   0.50000000E-001
        89   0.50000000E-001
        90   0.50000000E-001
        91   0.50000000E-001
        92   0.50000000E-001
        93   0.50000000E-001
        94   0.50000000E-001
        95   0.50000000E-001
        96   0.50000000E-001
        97   0.50000000E-001
        98   0.50000000E-001
        99   0.50000000E-001
       100   0.50000000E-001
       101   0.50000000E-001
       102   0.50000000E-001
       103   0.50000000E-001
       104   0.50000000E-001
       105   0.50000000E-001
       106   0.50000000E-001
       107   0.50000000E-001
       108   0.50000000E-001
       109   0.50000000E-001
       110   0.50000000E-001
       111   0.50000000E-001
       112   0.50000000E-001
       113   0.50000000E-001
       114   0.50000000E-001
       115   0.50000000E-001
       116   0.50000000E-001
       117   0.50000000E-001
       118   0.50000000E-001
       119   0.50000000E-001
       120   0.50000000E-001
       121   0.50000000E-001
       122   0.50000000E-001
       123   0.50000000E-001
       124   0.50000000E-001
       125   0.50000000E-001
       126   0.50000000E-001
       127   0.50000000E-001
       128   0.50000000E-001
       129   0.50000000E-001
       130   0.50000000E-001
