PPGrid
1000 606 
   1  0.00000000  0.00000000  2.00000000
   2  0.10000000  0.00000000  2.00000000
   3  0.20000000  0.00000000  2.00000000
   4  0.30000000  0.00000000  2.00000000
   5  0.40000000  0.00000000  2.00000000
   6  0.50000000  0.00000000  2.00000000
   7  0.60000000  0.00000000  2.00000000
   8  0.70000000  0.00000000  2.00000000
   9  0.80000000  0.00000000  2.00000000
  10  0.90000000  0.00000000  2.00000000
  11  1.00000000  0.00000000  2.00000000
  12  1.10000000  0.00000000  2.00000000
  13  1.20000000  0.00000000  2.00000000
  14  1.30000000  0.00000000  2.00000000
  15  1.40000000  0.00000000  2.00000000
  16  1.50000000  0.00000000  2.00000000
  17  1.60000000  0.00000000  2.00000000
  18  1.70000000  0.00000000  2.00000000
  19  1.80000000  0.00000000  2.00000000
  20  1.90000000  0.00000000  2.00000000
  21  2.00000000  0.00000000  2.00000000
  22  2.10000000  0.00000000  2.00000000
  23  2.20000000  0.00000000  2.00000000
  24  2.30000000  0.00000000  2.00000000
  25  2.40000000  0.00000000  2.00000000
  26  2.50000000  0.00000000  2.00000000
  27  2.60000000  0.00000000  2.00000000
  28  2.70000000  0.00000000  2.00000000
  29  2.80000000  0.00000000  2.00000000
  30  2.90000000  0.00000000  2.00000000
  31  3.00000000  0.00000000  2.00000000
  32  3.10000000  0.00000000  2.00000000
  33  3.20000000  0.00000000  2.00000000
  34  3.30000000  0.00000000  2.00000000
  35  3.40000000  0.00000000  2.00000000
  36  3.50000000  0.00000000  2.00000000
  37  3.60000000  0.00000000  2.00000000
  38  3.70000000  0.00000000  2.00000000
  39  3.80000000  0.00000000  2.00000000
  40  3.90000000  0.00000000  2.00000000
  41  4.00000000  0.00000000  2.00000000
  42  4.10000000  0.00000000  2.00000000
  43  4.20000000  0.00000000  2.00000000
  44  4.30000000  0.00000000  2.00000000
  45  4.40000000  0.00000000  2.00000000
  46  4.50000000  0.00000000  2.00000000
  47  4.60000000  0.00000000  2.00000000
  48  4.70000000  0.00000000  2.00000000
  49  4.80000000  0.00000000  2.00000000
  50  4.90000000  0.00000000  2.00000000
  51  5.00000000  0.00000000  2.00000000
  52  5.10000000  0.00000000  2.00000000
  53  5.20000000  0.00000000  2.00000000
  54  5.30000000  0.00000000  2.00000000
  55  5.40000000  0.00000000  2.00000000
  56  5.50000000  0.00000000  2.00000000
  57  5.60000000  0.00000000  2.00000000
  58  5.70000000  0.00000000  2.00000000
  59  5.80000000  0.00000000  2.00000000
  60  5.90000000  0.00000000  2.00000000
  61  6.00000000  0.00000000  2.00000000
  62  6.10000000  0.00000000  2.00000000
  63  6.20000000  0.00000000  2.00000000
  64  6.30000000  0.00000000  2.00000000
  65  6.40000000  0.00000000  2.00000000
  66  6.50000000  0.00000000  2.00000000
  67  6.60000000  0.00000000  2.00000000
  68  6.70000000  0.00000000  2.00000000
  69  6.80000000  0.00000000  2.00000000
  70  6.90000000  0.00000000  2.00000000
  71  7.00000000  0.00000000  2.00000000
  72  7.10000000  0.00000000  2.00000000
  73  7.20000000  0.00000000  2.00000000
  74  7.30000000  0.00000000  2.00000000
  75  7.40000000  0.00000000  2.00000000
  76  7.50000000  0.00000000  2.00000000
  77  7.60000000  0.00000000  2.00000000
  78  7.70000000  0.00000000  2.00000000
  79  7.80000000  0.00000000  2.00000000
  80  7.90000000  0.00000000  2.00000000
  81  8.00000000  0.00000000  2.00000000
  82  8.10000000  0.00000000  2.00000000
  83  8.20000000  0.00000000  2.00000000
  84  8.30000000  0.00000000  2.00000000
  85  8.40000000  0.00000000  2.00000000
  86  8.50000000  0.00000000  2.00000000
  87  8.60000000  0.00000000  2.00000000
  88  8.70000000  0.00000000  2.00000000
  89  8.80000000  0.00000000  2.00000000
  90  8.90000000  0.00000000  2.00000000
  91  9.00000000  0.00000000  2.00000000
  92  9.10000000  0.00000000  2.00000000
  93  9.20000000  0.00000000  2.00000000
  94  9.30000000  0.00000000  2.00000000
  95  9.40000000  0.00000000  2.00000000
  96  9.50000000  0.00000000  2.00000000
  97  9.60000000  0.00000000  2.00000000
  98  9.70000000  0.00000000  2.00000000
  99  9.80000000  0.00000000  2.00000000
 100  9.90000000  0.00000000  2.00000000
 101  10.00000000  0.00000000  2.00000000
 102  0.00000000  1.00000000  2.00000000
 103  0.10000000  1.00000000  2.00000000
 104  0.20000000  1.00000000  2.00000000
 105  0.30000000  1.00000000  2.00000000
 106  0.40000000  1.00000000  2.00000000
 107  0.50000000  1.00000000  2.00000000
 108  0.60000000  1.00000000  2.00000000
 109  0.70000000  1.00000000  2.00000000
 110  0.80000000  1.00000000  2.00000000
 111  0.90000000  1.00000000  2.00000000
 112  1.00000000  1.00000000  2.00000000
 113  1.10000000  1.00000000  2.00000000
 114  1.20000000  1.00000000  2.00000000
 115  1.30000000  1.00000000  2.00000000
 116  1.40000000  1.00000000  2.00000000
 117  1.50000000  1.00000000  2.00000000
 118  1.60000000  1.00000000  2.00000000
 119  1.70000000  1.00000000  2.00000000
 120  1.80000000  1.00000000  2.00000000
 121  1.90000000  1.00000000  2.00000000
 122  2.00000000  1.00000000  2.00000000
 123  2.10000000  1.00000000  2.00000000
 124  2.20000000  1.00000000  2.00000000
 125  2.30000000  1.00000000  2.00000000
 126  2.40000000  1.00000000  2.00000000
 127  2.50000000  1.00000000  2.00000000
 128  2.60000000  1.00000000  2.00000000
 129  2.70000000  1.00000000  2.00000000
 130  2.80000000  1.00000000  2.00000000
 131  2.90000000  1.00000000  2.00000000
 132  3.00000000  1.00000000  2.00000000
 133  3.10000000  1.00000000  2.00000000
 134  3.20000000  1.00000000  2.00000000
 135  3.30000000  1.00000000  2.00000000
 136  3.40000000  1.00000000  2.00000000
 137  3.50000000  1.00000000  2.00000000
 138  3.60000000  1.00000000  2.00000000
 139  3.70000000  1.00000000  2.00000000
 140  3.80000000  1.00000000  2.00000000
 141  3.90000000  1.00000000  2.00000000
 142  4.00000000  1.00000000  2.00000000
 143  4.10000000  1.00000000  2.00000000
 144  4.20000000  1.00000000  2.00000000
 145  4.30000000  1.00000000  2.00000000
 146  4.40000000  1.00000000  2.00000000
 147  4.50000000  1.00000000  2.00000000
 148  4.60000000  1.00000000  2.00000000
 149  4.70000000  1.00000000  2.00000000
 150  4.80000000  1.00000000  2.00000000
 151  4.90000000  1.00000000  2.00000000
 152  5.00000000  1.00000000  2.00000000
 153  5.10000000  1.00000000  2.00000000
 154  5.20000000  1.00000000  2.00000000
 155  5.30000000  1.00000000  2.00000000
 156  5.40000000  1.00000000  2.00000000
 157  5.50000000  1.00000000  2.00000000
 158  5.60000000  1.00000000  2.00000000
 159  5.70000000  1.00000000  2.00000000
 160  5.80000000  1.00000000  2.00000000
 161  5.90000000  1.00000000  2.00000000
 162  6.00000000  1.00000000  2.00000000
 163  6.10000000  1.00000000  2.00000000
 164  6.20000000  1.00000000  2.00000000
 165  6.30000000  1.00000000  2.00000000
 166  6.40000000  1.00000000  2.00000000
 167  6.50000000  1.00000000  2.00000000
 168  6.60000000  1.00000000  2.00000000
 169  6.70000000  1.00000000  2.00000000
 170  6.80000000  1.00000000  2.00000000
 171  6.90000000  1.00000000  2.00000000
 172  7.00000000  1.00000000  2.00000000
 173  7.10000000  1.00000000  2.00000000
 174  7.20000000  1.00000000  2.00000000
 175  7.30000000  1.00000000  2.00000000
 176  7.40000000  1.00000000  2.00000000
 177  7.50000000  1.00000000  2.00000000
 178  7.60000000  1.00000000  2.00000000
 179  7.70000000  1.00000000  2.00000000
 180  7.80000000  1.00000000  2.00000000
 181  7.90000000  1.00000000  2.00000000
 182  8.00000000  1.00000000  2.00000000
 183  8.10000000  1.00000000  2.00000000
 184  8.20000000  1.00000000  2.00000000
 185  8.30000000  1.00000000  2.00000000
 186  8.40000000  1.00000000  2.00000000
 187  8.50000000  1.00000000  2.00000000
 188  8.60000000  1.00000000  2.00000000
 189  8.70000000  1.00000000  2.00000000
 190  8.80000000  1.00000000  2.00000000
 191  8.90000000  1.00000000  2.00000000
 192  9.00000000  1.00000000  2.00000000
 193  9.10000000  1.00000000  2.00000000
 194  9.20000000  1.00000000  2.00000000
 195  9.30000000  1.00000000  2.00000000
 196  9.40000000  1.00000000  2.00000000
 197  9.50000000  1.00000000  2.00000000
 198  9.60000000  1.00000000  2.00000000
 199  9.70000000  1.00000000  2.00000000
 200  9.80000000  1.00000000  2.00000000
 201  9.90000000  1.00000000  2.00000000
 202  10.00000000  1.00000000  2.00000000
 203  0.00000000  2.00000000  2.00000000
 204  0.10000000  2.00000000  2.00000000
 205  0.20000000  2.00000000  2.00000000
 206  0.30000000  2.00000000  2.00000000
 207  0.40000000  2.00000000  2.00000000
 208  0.50000000  2.00000000  2.00000000
 209  0.60000000  2.00000000  2.00000000
 210  0.70000000  2.00000000  2.00000000
 211  0.80000000  2.00000000  2.00000000
 212  0.90000000  2.00000000  2.00000000
 213  1.00000000  2.00000000  2.00000000
 214  1.10000000  2.00000000  2.00000000
 215  1.20000000  2.00000000  2.00000000
 216  1.30000000  2.00000000  2.00000000
 217  1.40000000  2.00000000  2.00000000
 218  1.50000000  2.00000000  2.00000000
 219  1.60000000  2.00000000  2.00000000
 220  1.70000000  2.00000000  2.00000000
 221  1.80000000  2.00000000  2.00000000
 222  1.90000000  2.00000000  2.00000000
 223  2.00000000  2.00000000  2.00000000
 224  2.10000000  2.00000000  2.00000000
 225  2.20000000  2.00000000  2.00000000
 226  2.30000000  2.00000000  2.00000000
 227  2.40000000  2.00000000  2.00000000
 228  2.50000000  2.00000000  2.00000000
 229  2.60000000  2.00000000  2.00000000
 230  2.70000000  2.00000000  2.00000000
 231  2.80000000  2.00000000  2.00000000
 232  2.90000000  2.00000000  2.00000000
 233  3.00000000  2.00000000  2.00000000
 234  3.10000000  2.00000000  2.00000000
 235  3.20000000  2.00000000  2.00000000
 236  3.30000000  2.00000000  2.00000000
 237  3.40000000  2.00000000  2.00000000
 238  3.50000000  2.00000000  2.00000000
 239  3.60000000  2.00000000  2.00000000
 240  3.70000000  2.00000000  2.00000000
 241  3.80000000  2.00000000  2.00000000
 242  3.90000000  2.00000000  2.00000000
 243  4.00000000  2.00000000  2.00000000
 244  4.10000000  2.00000000  2.00000000
 245  4.20000000  2.00000000  2.00000000
 246  4.30000000  2.00000000  2.00000000
 247  4.40000000  2.00000000  2.00000000
 248  4.50000000  2.00000000  2.00000000
 249  4.60000000  2.00000000  2.00000000
 250  4.70000000  2.00000000  2.00000000
 251  4.80000000  2.00000000  2.00000000
 252  4.90000000  2.00000000  2.00000000
 253  5.00000000  2.00000000  2.00000000
 254  5.10000000  2.00000000  2.00000000
 255  5.20000000  2.00000000  2.00000000
 256  5.30000000  2.00000000  2.00000000
 257  5.40000000  2.00000000  2.00000000
 258  5.50000000  2.00000000  2.00000000
 259  5.60000000  2.00000000  2.00000000
 260  5.70000000  2.00000000  2.00000000
 261  5.80000000  2.00000000  2.00000000
 262  5.90000000  2.00000000  2.00000000
 263  6.00000000  2.00000000  2.00000000
 264  6.10000000  2.00000000  2.00000000
 265  6.20000000  2.00000000  2.00000000
 266  6.30000000  2.00000000  2.00000000
 267  6.40000000  2.00000000  2.00000000
 268  6.50000000  2.00000000  2.00000000
 269  6.60000000  2.00000000  2.00000000
 270  6.70000000  2.00000000  2.00000000
 271  6.80000000  2.00000000  2.00000000
 272  6.90000000  2.00000000  2.00000000
 273  7.00000000  2.00000000  2.00000000
 274  7.10000000  2.00000000  2.00000000
 275  7.20000000  2.00000000  2.00000000
 276  7.30000000  2.00000000  2.00000000
 277  7.40000000  2.00000000  2.00000000
 278  7.50000000  2.00000000  2.00000000
 279  7.60000000  2.00000000  2.00000000
 280  7.70000000  2.00000000  2.00000000
 281  7.80000000  2.00000000  2.00000000
 282  7.90000000  2.00000000  2.00000000
 283  8.00000000  2.00000000  2.00000000
 284  8.10000000  2.00000000  2.00000000
 285  8.20000000  2.00000000  2.00000000
 286  8.30000000  2.00000000  2.00000000
 287  8.40000000  2.00000000  2.00000000
 288  8.50000000  2.00000000  2.00000000
 289  8.60000000  2.00000000  2.00000000
 290  8.70000000  2.00000000  2.00000000
 291  8.80000000  2.00000000  2.00000000
 292  8.90000000  2.00000000  2.00000000
 293  9.00000000  2.00000000  2.00000000
 294  9.10000000  2.00000000  2.00000000
 295  9.20000000  2.00000000  2.00000000
 296  9.30000000  2.00000000  2.00000000
 297  9.40000000  2.00000000  2.00000000
 298  9.50000000  2.00000000  2.00000000
 299  9.60000000  2.00000000  2.00000000
 300  9.70000000  2.00000000  2.00000000
 301  9.80000000  2.00000000  2.00000000
 302  9.90000000  2.00000000  2.00000000
 303  10.00000000  2.00000000  2.00000000
 304  0.00000000  3.00000000  2.00000000
 305  0.10000000  3.00000000  2.00000000
 306  0.20000000  3.00000000  2.00000000
 307  0.30000000  3.00000000  2.00000000
 308  0.40000000  3.00000000  2.00000000
 309  0.50000000  3.00000000  2.00000000
 310  0.60000000  3.00000000  2.00000000
 311  0.70000000  3.00000000  2.00000000
 312  0.80000000  3.00000000  2.00000000
 313  0.90000000  3.00000000  2.00000000
 314  1.00000000  3.00000000  2.00000000
 315  1.10000000  3.00000000  2.00000000
 316  1.20000000  3.00000000  2.00000000
 317  1.30000000  3.00000000  2.00000000
 318  1.40000000  3.00000000  2.00000000
 319  1.50000000  3.00000000  2.00000000
 320  1.60000000  3.00000000  2.00000000
 321  1.70000000  3.00000000  2.00000000
 322  1.80000000  3.00000000  2.00000000
 323  1.90000000  3.00000000  2.00000000
 324  2.00000000  3.00000000  2.00000000
 325  2.10000000  3.00000000  2.00000000
 326  2.20000000  3.00000000  2.00000000
 327  2.30000000  3.00000000  2.00000000
 328  2.40000000  3.00000000  2.00000000
 329  2.50000000  3.00000000  2.00000000
 330  2.60000000  3.00000000  2.00000000
 331  2.70000000  3.00000000  2.00000000
 332  2.80000000  3.00000000  2.00000000
 333  2.90000000  3.00000000  2.00000000
 334  3.00000000  3.00000000  2.00000000
 335  3.10000000  3.00000000  2.00000000
 336  3.20000000  3.00000000  2.00000000
 337  3.30000000  3.00000000  2.00000000
 338  3.40000000  3.00000000  2.00000000
 339  3.50000000  3.00000000  2.00000000
 340  3.60000000  3.00000000  2.00000000
 341  3.70000000  3.00000000  2.00000000
 342  3.80000000  3.00000000  2.00000000
 343  3.90000000  3.00000000  2.00000000
 344  4.00000000  3.00000000  2.00000000
 345  4.10000000  3.00000000  2.00000000
 346  4.20000000  3.00000000  2.00000000
 347  4.30000000  3.00000000  2.00000000
 348  4.40000000  3.00000000  2.00000000
 349  4.50000000  3.00000000  2.00000000
 350  4.60000000  3.00000000  2.00000000
 351  4.70000000  3.00000000  2.00000000
 352  4.80000000  3.00000000  2.00000000
 353  4.90000000  3.00000000  2.00000000
 354  5.00000000  3.00000000  2.00000000
 355  5.10000000  3.00000000  2.00000000
 356  5.20000000  3.00000000  2.00000000
 357  5.30000000  3.00000000  2.00000000
 358  5.40000000  3.00000000  2.00000000
 359  5.50000000  3.00000000  2.00000000
 360  5.60000000  3.00000000  2.00000000
 361  5.70000000  3.00000000  2.00000000
 362  5.80000000  3.00000000  2.00000000
 363  5.90000000  3.00000000  2.00000000
 364  6.00000000  3.00000000  2.00000000
 365  6.10000000  3.00000000  2.00000000
 366  6.20000000  3.00000000  2.00000000
 367  6.30000000  3.00000000  2.00000000
 368  6.40000000  3.00000000  2.00000000
 369  6.50000000  3.00000000  2.00000000
 370  6.60000000  3.00000000  2.00000000
 371  6.70000000  3.00000000  2.00000000
 372  6.80000000  3.00000000  2.00000000
 373  6.90000000  3.00000000  2.00000000
 374  7.00000000  3.00000000  2.00000000
 375  7.10000000  3.00000000  2.00000000
 376  7.20000000  3.00000000  2.00000000
 377  7.30000000  3.00000000  2.00000000
 378  7.40000000  3.00000000  2.00000000
 379  7.50000000  3.00000000  2.00000000
 380  7.60000000  3.00000000  2.00000000
 381  7.70000000  3.00000000  2.00000000
 382  7.80000000  3.00000000  2.00000000
 383  7.90000000  3.00000000  2.00000000
 384  8.00000000  3.00000000  2.00000000
 385  8.10000000  3.00000000  2.00000000
 386  8.20000000  3.00000000  2.00000000
 387  8.30000000  3.00000000  2.00000000
 388  8.40000000  3.00000000  2.00000000
 389  8.50000000  3.00000000  2.00000000
 390  8.60000000  3.00000000  2.00000000
 391  8.70000000  3.00000000  2.00000000
 392  8.80000000  3.00000000  2.00000000
 393  8.90000000  3.00000000  2.00000000
 394  9.00000000  3.00000000  2.00000000
 395  9.10000000  3.00000000  2.00000000
 396  9.20000000  3.00000000  2.00000000
 397  9.30000000  3.00000000  2.00000000
 398  9.40000000  3.00000000  2.00000000
 399  9.50000000  3.00000000  2.00000000
 400  9.60000000  3.00000000  2.00000000
 401  9.70000000  3.00000000  2.00000000
 402  9.80000000  3.00000000  2.00000000
 403  9.90000000  3.00000000  2.00000000
 404  10.00000000  3.00000000  2.00000000
 405  0.00000000  4.00000000  2.00000000
 406  0.10000000  4.00000000  2.00000000
 407  0.20000000  4.00000000  2.00000000
 408  0.30000000  4.00000000  2.00000000
 409  0.40000000  4.00000000  2.00000000
 410  0.50000000  4.00000000  2.00000000
 411  0.60000000  4.00000000  2.00000000
 412  0.70000000  4.00000000  2.00000000
 413  0.80000000  4.00000000  2.00000000
 414  0.90000000  4.00000000  2.00000000
 415  1.00000000  4.00000000  2.00000000
 416  1.10000000  4.00000000  2.00000000
 417  1.20000000  4.00000000  2.00000000
 418  1.30000000  4.00000000  2.00000000
 419  1.40000000  4.00000000  2.00000000
 420  1.50000000  4.00000000  2.00000000
 421  1.60000000  4.00000000  2.00000000
 422  1.70000000  4.00000000  2.00000000
 423  1.80000000  4.00000000  2.00000000
 424  1.90000000  4.00000000  2.00000000
 425  2.00000000  4.00000000  2.00000000
 426  2.10000000  4.00000000  2.00000000
 427  2.20000000  4.00000000  2.00000000
 428  2.30000000  4.00000000  2.00000000
 429  2.40000000  4.00000000  2.00000000
 430  2.50000000  4.00000000  2.00000000
 431  2.60000000  4.00000000  2.00000000
 432  2.70000000  4.00000000  2.00000000
 433  2.80000000  4.00000000  2.00000000
 434  2.90000000  4.00000000  2.00000000
 435  3.00000000  4.00000000  2.00000000
 436  3.10000000  4.00000000  2.00000000
 437  3.20000000  4.00000000  2.00000000
 438  3.30000000  4.00000000  2.00000000
 439  3.40000000  4.00000000  2.00000000
 440  3.50000000  4.00000000  2.00000000
 441  3.60000000  4.00000000  2.00000000
 442  3.70000000  4.00000000  2.00000000
 443  3.80000000  4.00000000  2.00000000
 444  3.90000000  4.00000000  2.00000000
 445  4.00000000  4.00000000  2.00000000
 446  4.10000000  4.00000000  2.00000000
 447  4.20000000  4.00000000  2.00000000
 448  4.30000000  4.00000000  2.00000000
 449  4.40000000  4.00000000  2.00000000
 450  4.50000000  4.00000000  2.00000000
 451  4.60000000  4.00000000  2.00000000
 452  4.70000000  4.00000000  2.00000000
 453  4.80000000  4.00000000  2.00000000
 454  4.90000000  4.00000000  2.00000000
 455  5.00000000  4.00000000  2.00000000
 456  5.10000000  4.00000000  2.00000000
 457  5.20000000  4.00000000  2.00000000
 458  5.30000000  4.00000000  2.00000000
 459  5.40000000  4.00000000  2.00000000
 460  5.50000000  4.00000000  2.00000000
 461  5.60000000  4.00000000  2.00000000
 462  5.70000000  4.00000000  2.00000000
 463  5.80000000  4.00000000  2.00000000
 464  5.90000000  4.00000000  2.00000000
 465  6.00000000  4.00000000  2.00000000
 466  6.10000000  4.00000000  2.00000000
 467  6.20000000  4.00000000  2.00000000
 468  6.30000000  4.00000000  2.00000000
 469  6.40000000  4.00000000  2.00000000
 470  6.50000000  4.00000000  2.00000000
 471  6.60000000  4.00000000  2.00000000
 472  6.70000000  4.00000000  2.00000000
 473  6.80000000  4.00000000  2.00000000
 474  6.90000000  4.00000000  2.00000000
 475  7.00000000  4.00000000  2.00000000
 476  7.10000000  4.00000000  2.00000000
 477  7.20000000  4.00000000  2.00000000
 478  7.30000000  4.00000000  2.00000000
 479  7.40000000  4.00000000  2.00000000
 480  7.50000000  4.00000000  2.00000000
 481  7.60000000  4.00000000  2.00000000
 482  7.70000000  4.00000000  2.00000000
 483  7.80000000  4.00000000  2.00000000
 484  7.90000000  4.00000000  2.00000000
 485  8.00000000  4.00000000  2.00000000
 486  8.10000000  4.00000000  2.00000000
 487  8.20000000  4.00000000  2.00000000
 488  8.30000000  4.00000000  2.00000000
 489  8.40000000  4.00000000  2.00000000
 490  8.50000000  4.00000000  2.00000000
 491  8.60000000  4.00000000  2.00000000
 492  8.70000000  4.00000000  2.00000000
 493  8.80000000  4.00000000  2.00000000
 494  8.90000000  4.00000000  2.00000000
 495  9.00000000  4.00000000  2.00000000
 496  9.10000000  4.00000000  2.00000000
 497  9.20000000  4.00000000  2.00000000
 498  9.30000000  4.00000000  2.00000000
 499  9.40000000  4.00000000  2.00000000
 500  9.50000000  4.00000000  2.00000000
 501  9.60000000  4.00000000  2.00000000
 502  9.70000000  4.00000000  2.00000000
 503  9.80000000  4.00000000  2.00000000
 504  9.90000000  4.00000000  2.00000000
 505  10.00000000  4.00000000  2.00000000
 506  0.00000000  5.00000000  2.00000000
 507  0.10000000  5.00000000  2.00000000
 508  0.20000000  5.00000000  2.00000000
 509  0.30000000  5.00000000  2.00000000
 510  0.40000000  5.00000000  2.00000000
 511  0.50000000  5.00000000  2.00000000
 512  0.60000000  5.00000000  2.00000000
 513  0.70000000  5.00000000  2.00000000
 514  0.80000000  5.00000000  2.00000000
 515  0.90000000  5.00000000  2.00000000
 516  1.00000000  5.00000000  2.00000000
 517  1.10000000  5.00000000  2.00000000
 518  1.20000000  5.00000000  2.00000000
 519  1.30000000  5.00000000  2.00000000
 520  1.40000000  5.00000000  2.00000000
 521  1.50000000  5.00000000  2.00000000
 522  1.60000000  5.00000000  2.00000000
 523  1.70000000  5.00000000  2.00000000
 524  1.80000000  5.00000000  2.00000000
 525  1.90000000  5.00000000  2.00000000
 526  2.00000000  5.00000000  2.00000000
 527  2.10000000  5.00000000  2.00000000
 528  2.20000000  5.00000000  2.00000000
 529  2.30000000  5.00000000  2.00000000
 530  2.40000000  5.00000000  2.00000000
 531  2.50000000  5.00000000  2.00000000
 532  2.60000000  5.00000000  2.00000000
 533  2.70000000  5.00000000  2.00000000
 534  2.80000000  5.00000000  2.00000000
 535  2.90000000  5.00000000  2.00000000
 536  3.00000000  5.00000000  2.00000000
 537  3.10000000  5.00000000  2.00000000
 538  3.20000000  5.00000000  2.00000000
 539  3.30000000  5.00000000  2.00000000
 540  3.40000000  5.00000000  2.00000000
 541  3.50000000  5.00000000  2.00000000
 542  3.60000000  5.00000000  2.00000000
 543  3.70000000  5.00000000  2.00000000
 544  3.80000000  5.00000000  2.00000000
 545  3.90000000  5.00000000  2.00000000
 546  4.00000000  5.00000000  2.00000000
 547  4.10000000  5.00000000  2.00000000
 548  4.20000000  5.00000000  2.00000000
 549  4.30000000  5.00000000  2.00000000
 550  4.40000000  5.00000000  2.00000000
 551  4.50000000  5.00000000  2.00000000
 552  4.60000000  5.00000000  2.00000000
 553  4.70000000  5.00000000  2.00000000
 554  4.80000000  5.00000000  2.00000000
 555  4.90000000  5.00000000  2.00000000
 556  5.00000000  5.00000000  2.00000000
 557  5.10000000  5.00000000  2.00000000
 558  5.20000000  5.00000000  2.00000000
 559  5.30000000  5.00000000  2.00000000
 560  5.40000000  5.00000000  2.00000000
 561  5.50000000  5.00000000  2.00000000
 562  5.60000000  5.00000000  2.00000000
 563  5.70000000  5.00000000  2.00000000
 564  5.80000000  5.00000000  2.00000000
 565  5.90000000  5.00000000  2.00000000
 566  6.00000000  5.00000000  2.00000000
 567  6.10000000  5.00000000  2.00000000
 568  6.20000000  5.00000000  2.00000000
 569  6.30000000  5.00000000  2.00000000
 570  6.40000000  5.00000000  2.00000000
 571  6.50000000  5.00000000  2.00000000
 572  6.60000000  5.00000000  2.00000000
 573  6.70000000  5.00000000  2.00000000
 574  6.80000000  5.00000000  2.00000000
 575  6.90000000  5.00000000  2.00000000
 576  7.00000000  5.00000000  2.00000000
 577  7.10000000  5.00000000  2.00000000
 578  7.20000000  5.00000000  2.00000000
 579  7.30000000  5.00000000  2.00000000
 580  7.40000000  5.00000000  2.00000000
 581  7.50000000  5.00000000  2.00000000
 582  7.60000000  5.00000000  2.00000000
 583  7.70000000  5.00000000  2.00000000
 584  7.80000000  5.00000000  2.00000000
 585  7.90000000  5.00000000  2.00000000
 586  8.00000000  5.00000000  2.00000000
 587  8.10000000  5.00000000  2.00000000
 588  8.20000000  5.00000000  2.00000000
 589  8.30000000  5.00000000  2.00000000
 590  8.40000000  5.00000000  2.00000000
 591  8.50000000  5.00000000  2.00000000
 592  8.60000000  5.00000000  2.00000000
 593  8.70000000  5.00000000  2.00000000
 594  8.80000000  5.00000000  2.00000000
 595  8.90000000  5.00000000  2.00000000
 596  9.00000000  5.00000000  2.00000000
 597  9.10000000  5.00000000  2.00000000
 598  9.20000000  5.00000000  2.00000000
 599  9.30000000  5.00000000  2.00000000
 600  9.40000000  5.00000000  2.00000000
 601  9.50000000  5.00000000  2.00000000
 602  9.60000000  5.00000000  2.00000000
 603  9.70000000  5.00000000  2.00000000
 604  9.80000000  5.00000000  2.00000000
 605  9.90000000  5.00000000  2.00000000
 606  10.00000000  5.00000000  2.00000000
1 	 3 	 103 	 102  	 1
2 	 3 	 103 	  1 	  2
3 	 3 	 104 	 103  	 2
4 	 3 	 104 	  2 	  3
5 	 3 	 105 	 104  	 3
6 	 3 	 105 	  3 	  4
7 	 3 	 106 	 105  	 4
8 	 3 	 106 	  4 	  5
9 	 3 	 107 	 106  	 5
10 	 3 	 107 	  5 	  6
11 	 3 	 108 	 107  	 6
12 	 3 	 108 	  6 	  7
13 	 3 	 109 	 108  	 7
14 	 3 	 109 	  7 	  8
15 	 3 	 110 	 109  	 8
16 	 3 	 110 	  8 	  9
17 	 3 	 111 	 110  	 9
18 	 3 	 111 	  9 	  10
19 	 3 	 112 	 111  	 10
20 	 3 	 112 	  10 	  11
21 	 3 	 113 	 112  	 11
22 	 3 	 113 	  11 	  12
23 	 3 	 114 	 113  	 12
24 	 3 	 114 	  12 	  13
25 	 3 	 115 	 114  	 13
26 	 3 	 115 	  13 	  14
27 	 3 	 116 	 115  	 14
28 	 3 	 116 	  14 	  15
29 	 3 	 117 	 116  	 15
30 	 3 	 117 	  15 	  16
31 	 3 	 118 	 117  	 16
32 	 3 	 118 	  16 	  17
33 	 3 	 119 	 118  	 17
34 	 3 	 119 	  17 	  18
35 	 3 	 120 	 119  	 18
36 	 3 	 120 	  18 	  19
37 	 3 	 121 	 120  	 19
38 	 3 	 121 	  19 	  20
39 	 3 	 122 	 121  	 20
40 	 3 	 122 	  20 	  21
41 	 3 	 123 	 122  	 21
42 	 3 	 123 	  21 	  22
43 	 3 	 124 	 123  	 22
44 	 3 	 124 	  22 	  23
45 	 3 	 125 	 124  	 23
46 	 3 	 125 	  23 	  24
47 	 3 	 126 	 125  	 24
48 	 3 	 126 	  24 	  25
49 	 3 	 127 	 126  	 25
50 	 3 	 127 	  25 	  26
51 	 3 	 128 	 127  	 26
52 	 3 	 128 	  26 	  27
53 	 3 	 129 	 128  	 27
54 	 3 	 129 	  27 	  28
55 	 3 	 130 	 129  	 28
56 	 3 	 130 	  28 	  29
57 	 3 	 131 	 130  	 29
58 	 3 	 131 	  29 	  30
59 	 3 	 132 	 131  	 30
60 	 3 	 132 	  30 	  31
61 	 3 	 133 	 132  	 31
62 	 3 	 133 	  31 	  32
63 	 3 	 134 	 133  	 32
64 	 3 	 134 	  32 	  33
65 	 3 	 135 	 134  	 33
66 	 3 	 135 	  33 	  34
67 	 3 	 136 	 135  	 34
68 	 3 	 136 	  34 	  35
69 	 3 	 137 	 136  	 35
70 	 3 	 137 	  35 	  36
71 	 3 	 138 	 137  	 36
72 	 3 	 138 	  36 	  37
73 	 3 	 139 	 138  	 37
74 	 3 	 139 	  37 	  38
75 	 3 	 140 	 139  	 38
76 	 3 	 140 	  38 	  39
77 	 3 	 141 	 140  	 39
78 	 3 	 141 	  39 	  40
79 	 3 	 142 	 141  	 40
80 	 3 	 142 	  40 	  41
81 	 3 	 143 	 142  	 41
82 	 3 	 143 	  41 	  42
83 	 3 	 144 	 143  	 42
84 	 3 	 144 	  42 	  43
85 	 3 	 145 	 144  	 43
86 	 3 	 145 	  43 	  44
87 	 3 	 146 	 145  	 44
88 	 3 	 146 	  44 	  45
89 	 3 	 147 	 146  	 45
90 	 3 	 147 	  45 	  46
91 	 3 	 148 	 147  	 46
92 	 3 	 148 	  46 	  47
93 	 3 	 149 	 148  	 47
94 	 3 	 149 	  47 	  48
95 	 3 	 150 	 149  	 48
96 	 3 	 150 	  48 	  49
97 	 3 	 151 	 150  	 49
98 	 3 	 151 	  49 	  50
99 	 3 	 152 	 151  	 50
100 	 3 	 152 	  50 	  51
101 	 3 	 153 	 152  	 51
102 	 3 	 153 	  51 	  52
103 	 3 	 154 	 153  	 52
104 	 3 	 154 	  52 	  53
105 	 3 	 155 	 154  	 53
106 	 3 	 155 	  53 	  54
107 	 3 	 156 	 155  	 54
108 	 3 	 156 	  54 	  55
109 	 3 	 157 	 156  	 55
110 	 3 	 157 	  55 	  56
111 	 3 	 158 	 157  	 56
112 	 3 	 158 	  56 	  57
113 	 3 	 159 	 158  	 57
114 	 3 	 159 	  57 	  58
115 	 3 	 160 	 159  	 58
116 	 3 	 160 	  58 	  59
117 	 3 	 161 	 160  	 59
118 	 3 	 161 	  59 	  60
119 	 3 	 162 	 161  	 60
120 	 3 	 162 	  60 	  61
121 	 3 	 163 	 162  	 61
122 	 3 	 163 	  61 	  62
123 	 3 	 164 	 163  	 62
124 	 3 	 164 	  62 	  63
125 	 3 	 165 	 164  	 63
126 	 3 	 165 	  63 	  64
127 	 3 	 166 	 165  	 64
128 	 3 	 166 	  64 	  65
129 	 3 	 167 	 166  	 65
130 	 3 	 167 	  65 	  66
131 	 3 	 168 	 167  	 66
132 	 3 	 168 	  66 	  67
133 	 3 	 169 	 168  	 67
134 	 3 	 169 	  67 	  68
135 	 3 	 170 	 169  	 68
136 	 3 	 170 	  68 	  69
137 	 3 	 171 	 170  	 69
138 	 3 	 171 	  69 	  70
139 	 3 	 172 	 171  	 70
140 	 3 	 172 	  70 	  71
141 	 3 	 173 	 172  	 71
142 	 3 	 173 	  71 	  72
143 	 3 	 174 	 173  	 72
144 	 3 	 174 	  72 	  73
145 	 3 	 175 	 174  	 73
146 	 3 	 175 	  73 	  74
147 	 3 	 176 	 175  	 74
148 	 3 	 176 	  74 	  75
149 	 3 	 177 	 176  	 75
150 	 3 	 177 	  75 	  76
151 	 3 	 178 	 177  	 76
152 	 3 	 178 	  76 	  77
153 	 3 	 179 	 178  	 77
154 	 3 	 179 	  77 	  78
155 	 3 	 180 	 179  	 78
156 	 3 	 180 	  78 	  79
157 	 3 	 181 	 180  	 79
158 	 3 	 181 	  79 	  80
159 	 3 	 182 	 181  	 80
160 	 3 	 182 	  80 	  81
161 	 3 	 183 	 182  	 81
162 	 3 	 183 	  81 	  82
163 	 3 	 184 	 183  	 82
164 	 3 	 184 	  82 	  83
165 	 3 	 185 	 184  	 83
166 	 3 	 185 	  83 	  84
167 	 3 	 186 	 185  	 84
168 	 3 	 186 	  84 	  85
169 	 3 	 187 	 186  	 85
170 	 3 	 187 	  85 	  86
171 	 3 	 188 	 187  	 86
172 	 3 	 188 	  86 	  87
173 	 3 	 189 	 188  	 87
174 	 3 	 189 	  87 	  88
175 	 3 	 190 	 189  	 88
176 	 3 	 190 	  88 	  89
177 	 3 	 191 	 190  	 89
178 	 3 	 191 	  89 	  90
179 	 3 	 192 	 191  	 90
180 	 3 	 192 	  90 	  91
181 	 3 	 193 	 192  	 91
182 	 3 	 193 	  91 	  92
183 	 3 	 194 	 193  	 92
184 	 3 	 194 	  92 	  93
185 	 3 	 195 	 194  	 93
186 	 3 	 195 	  93 	  94
187 	 3 	 196 	 195  	 94
188 	 3 	 196 	  94 	  95
189 	 3 	 197 	 196  	 95
190 	 3 	 197 	  95 	  96
191 	 3 	 198 	 197  	 96
192 	 3 	 198 	  96 	  97
193 	 3 	 199 	 198  	 97
194 	 3 	 199 	  97 	  98
195 	 3 	 200 	 199  	 98
196 	 3 	 200 	  98 	  99
197 	 3 	 201 	 200  	 99
198 	 3 	 201 	  99 	  100
199 	 3 	 202 	 201  	 100
200 	 3 	 202 	  100 	  101
201 	 3 	 204 	 203  	 102
202 	 3 	 204 	  102 	  103
203 	 3 	 205 	 204  	 103
204 	 3 	 205 	  103 	  104
205 	 3 	 206 	 205  	 104
206 	 3 	 206 	  104 	  105
207 	 3 	 207 	 206  	 105
208 	 3 	 207 	  105 	  106
209 	 3 	 208 	 207  	 106
210 	 3 	 208 	  106 	  107
211 	 3 	 209 	 208  	 107
212 	 3 	 209 	  107 	  108
213 	 3 	 210 	 209  	 108
214 	 3 	 210 	  108 	  109
215 	 3 	 211 	 210  	 109
216 	 3 	 211 	  109 	  110
217 	 3 	 212 	 211  	 110
218 	 3 	 212 	  110 	  111
219 	 3 	 213 	 212  	 111
220 	 3 	 213 	  111 	  112
221 	 3 	 214 	 213  	 112
222 	 3 	 214 	  112 	  113
223 	 3 	 215 	 214  	 113
224 	 3 	 215 	  113 	  114
225 	 3 	 216 	 215  	 114
226 	 3 	 216 	  114 	  115
227 	 3 	 217 	 216  	 115
228 	 3 	 217 	  115 	  116
229 	 3 	 218 	 217  	 116
230 	 3 	 218 	  116 	  117
231 	 3 	 219 	 218  	 117
232 	 3 	 219 	  117 	  118
233 	 3 	 220 	 219  	 118
234 	 3 	 220 	  118 	  119
235 	 3 	 221 	 220  	 119
236 	 3 	 221 	  119 	  120
237 	 3 	 222 	 221  	 120
238 	 3 	 222 	  120 	  121
239 	 3 	 223 	 222  	 121
240 	 3 	 223 	  121 	  122
241 	 3 	 224 	 223  	 122
242 	 3 	 224 	  122 	  123
243 	 3 	 225 	 224  	 123
244 	 3 	 225 	  123 	  124
245 	 3 	 226 	 225  	 124
246 	 3 	 226 	  124 	  125
247 	 3 	 227 	 226  	 125
248 	 3 	 227 	  125 	  126
249 	 3 	 228 	 227  	 126
250 	 3 	 228 	  126 	  127
251 	 3 	 229 	 228  	 127
252 	 3 	 229 	  127 	  128
253 	 3 	 230 	 229  	 128
254 	 3 	 230 	  128 	  129
255 	 3 	 231 	 230  	 129
256 	 3 	 231 	  129 	  130
257 	 3 	 232 	 231  	 130
258 	 3 	 232 	  130 	  131
259 	 3 	 233 	 232  	 131
260 	 3 	 233 	  131 	  132
261 	 3 	 234 	 233  	 132
262 	 3 	 234 	  132 	  133
263 	 3 	 235 	 234  	 133
264 	 3 	 235 	  133 	  134
265 	 3 	 236 	 235  	 134
266 	 3 	 236 	  134 	  135
267 	 3 	 237 	 236  	 135
268 	 3 	 237 	  135 	  136
269 	 3 	 238 	 237  	 136
270 	 3 	 238 	  136 	  137
271 	 3 	 239 	 238  	 137
272 	 3 	 239 	  137 	  138
273 	 3 	 240 	 239  	 138
274 	 3 	 240 	  138 	  139
275 	 3 	 241 	 240  	 139
276 	 3 	 241 	  139 	  140
277 	 3 	 242 	 241  	 140
278 	 3 	 242 	  140 	  141
279 	 3 	 243 	 242  	 141
280 	 3 	 243 	  141 	  142
281 	 3 	 244 	 243  	 142
282 	 3 	 244 	  142 	  143
283 	 3 	 245 	 244  	 143
284 	 3 	 245 	  143 	  144
285 	 3 	 246 	 245  	 144
286 	 3 	 246 	  144 	  145
287 	 3 	 247 	 246  	 145
288 	 3 	 247 	  145 	  146
289 	 3 	 248 	 247  	 146
290 	 3 	 248 	  146 	  147
291 	 3 	 249 	 248  	 147
292 	 3 	 249 	  147 	  148
293 	 3 	 250 	 249  	 148
294 	 3 	 250 	  148 	  149
295 	 3 	 251 	 250  	 149
296 	 3 	 251 	  149 	  150
297 	 3 	 252 	 251  	 150
298 	 3 	 252 	  150 	  151
299 	 3 	 253 	 252  	 151
300 	 3 	 253 	  151 	  152
301 	 3 	 254 	 253  	 152
302 	 3 	 254 	  152 	  153
303 	 3 	 255 	 254  	 153
304 	 3 	 255 	  153 	  154
305 	 3 	 256 	 255  	 154
306 	 3 	 256 	  154 	  155
307 	 3 	 257 	 256  	 155
308 	 3 	 257 	  155 	  156
309 	 3 	 258 	 257  	 156
310 	 3 	 258 	  156 	  157
311 	 3 	 259 	 258  	 157
312 	 3 	 259 	  157 	  158
313 	 3 	 260 	 259  	 158
314 	 3 	 260 	  158 	  159
315 	 3 	 261 	 260  	 159
316 	 3 	 261 	  159 	  160
317 	 3 	 262 	 261  	 160
318 	 3 	 262 	  160 	  161
319 	 3 	 263 	 262  	 161
320 	 3 	 263 	  161 	  162
321 	 3 	 264 	 263  	 162
322 	 3 	 264 	  162 	  163
323 	 3 	 265 	 264  	 163
324 	 3 	 265 	  163 	  164
325 	 3 	 266 	 265  	 164
326 	 3 	 266 	  164 	  165
327 	 3 	 267 	 266  	 165
328 	 3 	 267 	  165 	  166
329 	 3 	 268 	 267  	 166
330 	 3 	 268 	  166 	  167
331 	 3 	 269 	 268  	 167
332 	 3 	 269 	  167 	  168
333 	 3 	 270 	 269  	 168
334 	 3 	 270 	  168 	  169
335 	 3 	 271 	 270  	 169
336 	 3 	 271 	  169 	  170
337 	 3 	 272 	 271  	 170
338 	 3 	 272 	  170 	  171
339 	 3 	 273 	 272  	 171
340 	 3 	 273 	  171 	  172
341 	 3 	 274 	 273  	 172
342 	 3 	 274 	  172 	  173
343 	 3 	 275 	 274  	 173
344 	 3 	 275 	  173 	  174
345 	 3 	 276 	 275  	 174
346 	 3 	 276 	  174 	  175
347 	 3 	 277 	 276  	 175
348 	 3 	 277 	  175 	  176
349 	 3 	 278 	 277  	 176
350 	 3 	 278 	  176 	  177
351 	 3 	 279 	 278  	 177
352 	 3 	 279 	  177 	  178
353 	 3 	 280 	 279  	 178
354 	 3 	 280 	  178 	  179
355 	 3 	 281 	 280  	 179
356 	 3 	 281 	  179 	  180
357 	 3 	 282 	 281  	 180
358 	 3 	 282 	  180 	  181
359 	 3 	 283 	 282  	 181
360 	 3 	 283 	  181 	  182
361 	 3 	 284 	 283  	 182
362 	 3 	 284 	  182 	  183
363 	 3 	 285 	 284  	 183
364 	 3 	 285 	  183 	  184
365 	 3 	 286 	 285  	 184
366 	 3 	 286 	  184 	  185
367 	 3 	 287 	 286  	 185
368 	 3 	 287 	  185 	  186
369 	 3 	 288 	 287  	 186
370 	 3 	 288 	  186 	  187
371 	 3 	 289 	 288  	 187
372 	 3 	 289 	  187 	  188
373 	 3 	 290 	 289  	 188
374 	 3 	 290 	  188 	  189
375 	 3 	 291 	 290  	 189
376 	 3 	 291 	  189 	  190
377 	 3 	 292 	 291  	 190
378 	 3 	 292 	  190 	  191
379 	 3 	 293 	 292  	 191
380 	 3 	 293 	  191 	  192
381 	 3 	 294 	 293  	 192
382 	 3 	 294 	  192 	  193
383 	 3 	 295 	 294  	 193
384 	 3 	 295 	  193 	  194
385 	 3 	 296 	 295  	 194
386 	 3 	 296 	  194 	  195
387 	 3 	 297 	 296  	 195
388 	 3 	 297 	  195 	  196
389 	 3 	 298 	 297  	 196
390 	 3 	 298 	  196 	  197
391 	 3 	 299 	 298  	 197
392 	 3 	 299 	  197 	  198
393 	 3 	 300 	 299  	 198
394 	 3 	 300 	  198 	  199
395 	 3 	 301 	 300  	 199
396 	 3 	 301 	  199 	  200
397 	 3 	 302 	 301  	 200
398 	 3 	 302 	  200 	  201
399 	 3 	 303 	 302  	 201
400 	 3 	 303 	  201 	  202
401 	 3 	 305 	 304  	 203
402 	 3 	 305 	  203 	  204
403 	 3 	 306 	 305  	 204
404 	 3 	 306 	  204 	  205
405 	 3 	 307 	 306  	 205
406 	 3 	 307 	  205 	  206
407 	 3 	 308 	 307  	 206
408 	 3 	 308 	  206 	  207
409 	 3 	 309 	 308  	 207
410 	 3 	 309 	  207 	  208
411 	 3 	 310 	 309  	 208
412 	 3 	 310 	  208 	  209
413 	 3 	 311 	 310  	 209
414 	 3 	 311 	  209 	  210
415 	 3 	 312 	 311  	 210
416 	 3 	 312 	  210 	  211
417 	 3 	 313 	 312  	 211
418 	 3 	 313 	  211 	  212
419 	 3 	 314 	 313  	 212
420 	 3 	 314 	  212 	  213
421 	 3 	 315 	 314  	 213
422 	 3 	 315 	  213 	  214
423 	 3 	 316 	 315  	 214
424 	 3 	 316 	  214 	  215
425 	 3 	 317 	 316  	 215
426 	 3 	 317 	  215 	  216
427 	 3 	 318 	 317  	 216
428 	 3 	 318 	  216 	  217
429 	 3 	 319 	 318  	 217
430 	 3 	 319 	  217 	  218
431 	 3 	 320 	 319  	 218
432 	 3 	 320 	  218 	  219
433 	 3 	 321 	 320  	 219
434 	 3 	 321 	  219 	  220
435 	 3 	 322 	 321  	 220
436 	 3 	 322 	  220 	  221
437 	 3 	 323 	 322  	 221
438 	 3 	 323 	  221 	  222
439 	 3 	 324 	 323  	 222
440 	 3 	 324 	  222 	  223
441 	 3 	 325 	 324  	 223
442 	 3 	 325 	  223 	  224
443 	 3 	 326 	 325  	 224
444 	 3 	 326 	  224 	  225
445 	 3 	 327 	 326  	 225
446 	 3 	 327 	  225 	  226
447 	 3 	 328 	 327  	 226
448 	 3 	 328 	  226 	  227
449 	 3 	 329 	 328  	 227
450 	 3 	 329 	  227 	  228
451 	 3 	 330 	 329  	 228
452 	 3 	 330 	  228 	  229
453 	 3 	 331 	 330  	 229
454 	 3 	 331 	  229 	  230
455 	 3 	 332 	 331  	 230
456 	 3 	 332 	  230 	  231
457 	 3 	 333 	 332  	 231
458 	 3 	 333 	  231 	  232
459 	 3 	 334 	 333  	 232
460 	 3 	 334 	  232 	  233
461 	 3 	 335 	 334  	 233
462 	 3 	 335 	  233 	  234
463 	 3 	 336 	 335  	 234
464 	 3 	 336 	  234 	  235
465 	 3 	 337 	 336  	 235
466 	 3 	 337 	  235 	  236
467 	 3 	 338 	 337  	 236
468 	 3 	 338 	  236 	  237
469 	 3 	 339 	 338  	 237
470 	 3 	 339 	  237 	  238
471 	 3 	 340 	 339  	 238
472 	 3 	 340 	  238 	  239
473 	 3 	 341 	 340  	 239
474 	 3 	 341 	  239 	  240
475 	 3 	 342 	 341  	 240
476 	 3 	 342 	  240 	  241
477 	 3 	 343 	 342  	 241
478 	 3 	 343 	  241 	  242
479 	 3 	 344 	 343  	 242
480 	 3 	 344 	  242 	  243
481 	 3 	 345 	 344  	 243
482 	 3 	 345 	  243 	  244
483 	 3 	 346 	 345  	 244
484 	 3 	 346 	  244 	  245
485 	 3 	 347 	 346  	 245
486 	 3 	 347 	  245 	  246
487 	 3 	 348 	 347  	 246
488 	 3 	 348 	  246 	  247
489 	 3 	 349 	 348  	 247
490 	 3 	 349 	  247 	  248
491 	 3 	 350 	 349  	 248
492 	 3 	 350 	  248 	  249
493 	 3 	 351 	 350  	 249
494 	 3 	 351 	  249 	  250
495 	 3 	 352 	 351  	 250
496 	 3 	 352 	  250 	  251
497 	 3 	 353 	 352  	 251
498 	 3 	 353 	  251 	  252
499 	 3 	 354 	 353  	 252
500 	 3 	 354 	  252 	  253
501 	 3 	 355 	 354  	 253
502 	 3 	 355 	  253 	  254
503 	 3 	 356 	 355  	 254
504 	 3 	 356 	  254 	  255
505 	 3 	 357 	 356  	 255
506 	 3 	 357 	  255 	  256
507 	 3 	 358 	 357  	 256
508 	 3 	 358 	  256 	  257
509 	 3 	 359 	 358  	 257
510 	 3 	 359 	  257 	  258
511 	 3 	 360 	 359  	 258
512 	 3 	 360 	  258 	  259
513 	 3 	 361 	 360  	 259
514 	 3 	 361 	  259 	  260
515 	 3 	 362 	 361  	 260
516 	 3 	 362 	  260 	  261
517 	 3 	 363 	 362  	 261
518 	 3 	 363 	  261 	  262
519 	 3 	 364 	 363  	 262
520 	 3 	 364 	  262 	  263
521 	 3 	 365 	 364  	 263
522 	 3 	 365 	  263 	  264
523 	 3 	 366 	 365  	 264
524 	 3 	 366 	  264 	  265
525 	 3 	 367 	 366  	 265
526 	 3 	 367 	  265 	  266
527 	 3 	 368 	 367  	 266
528 	 3 	 368 	  266 	  267
529 	 3 	 369 	 368  	 267
530 	 3 	 369 	  267 	  268
531 	 3 	 370 	 369  	 268
532 	 3 	 370 	  268 	  269
533 	 3 	 371 	 370  	 269
534 	 3 	 371 	  269 	  270
535 	 3 	 372 	 371  	 270
536 	 3 	 372 	  270 	  271
537 	 3 	 373 	 372  	 271
538 	 3 	 373 	  271 	  272
539 	 3 	 374 	 373  	 272
540 	 3 	 374 	  272 	  273
541 	 3 	 375 	 374  	 273
542 	 3 	 375 	  273 	  274
543 	 3 	 376 	 375  	 274
544 	 3 	 376 	  274 	  275
545 	 3 	 377 	 376  	 275
546 	 3 	 377 	  275 	  276
547 	 3 	 378 	 377  	 276
548 	 3 	 378 	  276 	  277
549 	 3 	 379 	 378  	 277
550 	 3 	 379 	  277 	  278
551 	 3 	 380 	 379  	 278
552 	 3 	 380 	  278 	  279
553 	 3 	 381 	 380  	 279
554 	 3 	 381 	  279 	  280
555 	 3 	 382 	 381  	 280
556 	 3 	 382 	  280 	  281
557 	 3 	 383 	 382  	 281
558 	 3 	 383 	  281 	  282
559 	 3 	 384 	 383  	 282
560 	 3 	 384 	  282 	  283
561 	 3 	 385 	 384  	 283
562 	 3 	 385 	  283 	  284
563 	 3 	 386 	 385  	 284
564 	 3 	 386 	  284 	  285
565 	 3 	 387 	 386  	 285
566 	 3 	 387 	  285 	  286
567 	 3 	 388 	 387  	 286
568 	 3 	 388 	  286 	  287
569 	 3 	 389 	 388  	 287
570 	 3 	 389 	  287 	  288
571 	 3 	 390 	 389  	 288
572 	 3 	 390 	  288 	  289
573 	 3 	 391 	 390  	 289
574 	 3 	 391 	  289 	  290
575 	 3 	 392 	 391  	 290
576 	 3 	 392 	  290 	  291
577 	 3 	 393 	 392  	 291
578 	 3 	 393 	  291 	  292
579 	 3 	 394 	 393  	 292
580 	 3 	 394 	  292 	  293
581 	 3 	 395 	 394  	 293
582 	 3 	 395 	  293 	  294
583 	 3 	 396 	 395  	 294
584 	 3 	 396 	  294 	  295
585 	 3 	 397 	 396  	 295
586 	 3 	 397 	  295 	  296
587 	 3 	 398 	 397  	 296
588 	 3 	 398 	  296 	  297
589 	 3 	 399 	 398  	 297
590 	 3 	 399 	  297 	  298
591 	 3 	 400 	 399  	 298
592 	 3 	 400 	  298 	  299
593 	 3 	 401 	 400  	 299
594 	 3 	 401 	  299 	  300
595 	 3 	 402 	 401  	 300
596 	 3 	 402 	  300 	  301
597 	 3 	 403 	 402  	 301
598 	 3 	 403 	  301 	  302
599 	 3 	 404 	 403  	 302
600 	 3 	 404 	  302 	  303
601 	 3 	 406 	 405  	 304
602 	 3 	 406 	  304 	  305
603 	 3 	 407 	 406  	 305
604 	 3 	 407 	  305 	  306
605 	 3 	 408 	 407  	 306
606 	 3 	 408 	  306 	  307
607 	 3 	 409 	 408  	 307
608 	 3 	 409 	  307 	  308
609 	 3 	 410 	 409  	 308
610 	 3 	 410 	  308 	  309
611 	 3 	 411 	 410  	 309
612 	 3 	 411 	  309 	  310
613 	 3 	 412 	 411  	 310
614 	 3 	 412 	  310 	  311
615 	 3 	 413 	 412  	 311
616 	 3 	 413 	  311 	  312
617 	 3 	 414 	 413  	 312
618 	 3 	 414 	  312 	  313
619 	 3 	 415 	 414  	 313
620 	 3 	 415 	  313 	  314
621 	 3 	 416 	 415  	 314
622 	 3 	 416 	  314 	  315
623 	 3 	 417 	 416  	 315
624 	 3 	 417 	  315 	  316
625 	 3 	 418 	 417  	 316
626 	 3 	 418 	  316 	  317
627 	 3 	 419 	 418  	 317
628 	 3 	 419 	  317 	  318
629 	 3 	 420 	 419  	 318
630 	 3 	 420 	  318 	  319
631 	 3 	 421 	 420  	 319
632 	 3 	 421 	  319 	  320
633 	 3 	 422 	 421  	 320
634 	 3 	 422 	  320 	  321
635 	 3 	 423 	 422  	 321
636 	 3 	 423 	  321 	  322
637 	 3 	 424 	 423  	 322
638 	 3 	 424 	  322 	  323
639 	 3 	 425 	 424  	 323
640 	 3 	 425 	  323 	  324
641 	 3 	 426 	 425  	 324
642 	 3 	 426 	  324 	  325
643 	 3 	 427 	 426  	 325
644 	 3 	 427 	  325 	  326
645 	 3 	 428 	 427  	 326
646 	 3 	 428 	  326 	  327
647 	 3 	 429 	 428  	 327
648 	 3 	 429 	  327 	  328
649 	 3 	 430 	 429  	 328
650 	 3 	 430 	  328 	  329
651 	 3 	 431 	 430  	 329
652 	 3 	 431 	  329 	  330
653 	 3 	 432 	 431  	 330
654 	 3 	 432 	  330 	  331
655 	 3 	 433 	 432  	 331
656 	 3 	 433 	  331 	  332
657 	 3 	 434 	 433  	 332
658 	 3 	 434 	  332 	  333
659 	 3 	 435 	 434  	 333
660 	 3 	 435 	  333 	  334
661 	 3 	 436 	 435  	 334
662 	 3 	 436 	  334 	  335
663 	 3 	 437 	 436  	 335
664 	 3 	 437 	  335 	  336
665 	 3 	 438 	 437  	 336
666 	 3 	 438 	  336 	  337
667 	 3 	 439 	 438  	 337
668 	 3 	 439 	  337 	  338
669 	 3 	 440 	 439  	 338
670 	 3 	 440 	  338 	  339
671 	 3 	 441 	 440  	 339
672 	 3 	 441 	  339 	  340
673 	 3 	 442 	 441  	 340
674 	 3 	 442 	  340 	  341
675 	 3 	 443 	 442  	 341
676 	 3 	 443 	  341 	  342
677 	 3 	 444 	 443  	 342
678 	 3 	 444 	  342 	  343
679 	 3 	 445 	 444  	 343
680 	 3 	 445 	  343 	  344
681 	 3 	 446 	 445  	 344
682 	 3 	 446 	  344 	  345
683 	 3 	 447 	 446  	 345
684 	 3 	 447 	  345 	  346
685 	 3 	 448 	 447  	 346
686 	 3 	 448 	  346 	  347
687 	 3 	 449 	 448  	 347
688 	 3 	 449 	  347 	  348
689 	 3 	 450 	 449  	 348
690 	 3 	 450 	  348 	  349
691 	 3 	 451 	 450  	 349
692 	 3 	 451 	  349 	  350
693 	 3 	 452 	 451  	 350
694 	 3 	 452 	  350 	  351
695 	 3 	 453 	 452  	 351
696 	 3 	 453 	  351 	  352
697 	 3 	 454 	 453  	 352
698 	 3 	 454 	  352 	  353
699 	 3 	 455 	 454  	 353
700 	 3 	 455 	  353 	  354
701 	 3 	 456 	 455  	 354
702 	 3 	 456 	  354 	  355
703 	 3 	 457 	 456  	 355
704 	 3 	 457 	  355 	  356
705 	 3 	 458 	 457  	 356
706 	 3 	 458 	  356 	  357
707 	 3 	 459 	 458  	 357
708 	 3 	 459 	  357 	  358
709 	 3 	 460 	 459  	 358
710 	 3 	 460 	  358 	  359
711 	 3 	 461 	 460  	 359
712 	 3 	 461 	  359 	  360
713 	 3 	 462 	 461  	 360
714 	 3 	 462 	  360 	  361
715 	 3 	 463 	 462  	 361
716 	 3 	 463 	  361 	  362
717 	 3 	 464 	 463  	 362
718 	 3 	 464 	  362 	  363
719 	 3 	 465 	 464  	 363
720 	 3 	 465 	  363 	  364
721 	 3 	 466 	 465  	 364
722 	 3 	 466 	  364 	  365
723 	 3 	 467 	 466  	 365
724 	 3 	 467 	  365 	  366
725 	 3 	 468 	 467  	 366
726 	 3 	 468 	  366 	  367
727 	 3 	 469 	 468  	 367
728 	 3 	 469 	  367 	  368
729 	 3 	 470 	 469  	 368
730 	 3 	 470 	  368 	  369
731 	 3 	 471 	 470  	 369
732 	 3 	 471 	  369 	  370
733 	 3 	 472 	 471  	 370
734 	 3 	 472 	  370 	  371
735 	 3 	 473 	 472  	 371
736 	 3 	 473 	  371 	  372
737 	 3 	 474 	 473  	 372
738 	 3 	 474 	  372 	  373
739 	 3 	 475 	 474  	 373
740 	 3 	 475 	  373 	  374
741 	 3 	 476 	 475  	 374
742 	 3 	 476 	  374 	  375
743 	 3 	 477 	 476  	 375
744 	 3 	 477 	  375 	  376
745 	 3 	 478 	 477  	 376
746 	 3 	 478 	  376 	  377
747 	 3 	 479 	 478  	 377
748 	 3 	 479 	  377 	  378
749 	 3 	 480 	 479  	 378
750 	 3 	 480 	  378 	  379
751 	 3 	 481 	 480  	 379
752 	 3 	 481 	  379 	  380
753 	 3 	 482 	 481  	 380
754 	 3 	 482 	  380 	  381
755 	 3 	 483 	 482  	 381
756 	 3 	 483 	  381 	  382
757 	 3 	 484 	 483  	 382
758 	 3 	 484 	  382 	  383
759 	 3 	 485 	 484  	 383
760 	 3 	 485 	  383 	  384
761 	 3 	 486 	 485  	 384
762 	 3 	 486 	  384 	  385
763 	 3 	 487 	 486  	 385
764 	 3 	 487 	  385 	  386
765 	 3 	 488 	 487  	 386
766 	 3 	 488 	  386 	  387
767 	 3 	 489 	 488  	 387
768 	 3 	 489 	  387 	  388
769 	 3 	 490 	 489  	 388
770 	 3 	 490 	  388 	  389
771 	 3 	 491 	 490  	 389
772 	 3 	 491 	  389 	  390
773 	 3 	 492 	 491  	 390
774 	 3 	 492 	  390 	  391
775 	 3 	 493 	 492  	 391
776 	 3 	 493 	  391 	  392
777 	 3 	 494 	 493  	 392
778 	 3 	 494 	  392 	  393
779 	 3 	 495 	 494  	 393
780 	 3 	 495 	  393 	  394
781 	 3 	 496 	 495  	 394
782 	 3 	 496 	  394 	  395
783 	 3 	 497 	 496  	 395
784 	 3 	 497 	  395 	  396
785 	 3 	 498 	 497  	 396
786 	 3 	 498 	  396 	  397
787 	 3 	 499 	 498  	 397
788 	 3 	 499 	  397 	  398
789 	 3 	 500 	 499  	 398
790 	 3 	 500 	  398 	  399
791 	 3 	 501 	 500  	 399
792 	 3 	 501 	  399 	  400
793 	 3 	 502 	 501  	 400
794 	 3 	 502 	  400 	  401
795 	 3 	 503 	 502  	 401
796 	 3 	 503 	  401 	  402
797 	 3 	 504 	 503  	 402
798 	 3 	 504 	  402 	  403
799 	 3 	 505 	 504  	 403
800 	 3 	 505 	  403 	  404
801 	 3 	 507 	 506  	 405
802 	 3 	 507 	  405 	  406
803 	 3 	 508 	 507  	 406
804 	 3 	 508 	  406 	  407
805 	 3 	 509 	 508  	 407
806 	 3 	 509 	  407 	  408
807 	 3 	 510 	 509  	 408
808 	 3 	 510 	  408 	  409
809 	 3 	 511 	 510  	 409
810 	 3 	 511 	  409 	  410
811 	 3 	 512 	 511  	 410
812 	 3 	 512 	  410 	  411
813 	 3 	 513 	 512  	 411
814 	 3 	 513 	  411 	  412
815 	 3 	 514 	 513  	 412
816 	 3 	 514 	  412 	  413
817 	 3 	 515 	 514  	 413
818 	 3 	 515 	  413 	  414
819 	 3 	 516 	 515  	 414
820 	 3 	 516 	  414 	  415
821 	 3 	 517 	 516  	 415
822 	 3 	 517 	  415 	  416
823 	 3 	 518 	 517  	 416
824 	 3 	 518 	  416 	  417
825 	 3 	 519 	 518  	 417
826 	 3 	 519 	  417 	  418
827 	 3 	 520 	 519  	 418
828 	 3 	 520 	  418 	  419
829 	 3 	 521 	 520  	 419
830 	 3 	 521 	  419 	  420
831 	 3 	 522 	 521  	 420
832 	 3 	 522 	  420 	  421
833 	 3 	 523 	 522  	 421
834 	 3 	 523 	  421 	  422
835 	 3 	 524 	 523  	 422
836 	 3 	 524 	  422 	  423
837 	 3 	 525 	 524  	 423
838 	 3 	 525 	  423 	  424
839 	 3 	 526 	 525  	 424
840 	 3 	 526 	  424 	  425
841 	 3 	 527 	 526  	 425
842 	 3 	 527 	  425 	  426
843 	 3 	 528 	 527  	 426
844 	 3 	 528 	  426 	  427
845 	 3 	 529 	 528  	 427
846 	 3 	 529 	  427 	  428
847 	 3 	 530 	 529  	 428
848 	 3 	 530 	  428 	  429
849 	 3 	 531 	 530  	 429
850 	 3 	 531 	  429 	  430
851 	 3 	 532 	 531  	 430
852 	 3 	 532 	  430 	  431
853 	 3 	 533 	 532  	 431
854 	 3 	 533 	  431 	  432
855 	 3 	 534 	 533  	 432
856 	 3 	 534 	  432 	  433
857 	 3 	 535 	 534  	 433
858 	 3 	 535 	  433 	  434
859 	 3 	 536 	 535  	 434
860 	 3 	 536 	  434 	  435
861 	 3 	 537 	 536  	 435
862 	 3 	 537 	  435 	  436
863 	 3 	 538 	 537  	 436
864 	 3 	 538 	  436 	  437
865 	 3 	 539 	 538  	 437
866 	 3 	 539 	  437 	  438
867 	 3 	 540 	 539  	 438
868 	 3 	 540 	  438 	  439
869 	 3 	 541 	 540  	 439
870 	 3 	 541 	  439 	  440
871 	 3 	 542 	 541  	 440
872 	 3 	 542 	  440 	  441
873 	 3 	 543 	 542  	 441
874 	 3 	 543 	  441 	  442
875 	 3 	 544 	 543  	 442
876 	 3 	 544 	  442 	  443
877 	 3 	 545 	 544  	 443
878 	 3 	 545 	  443 	  444
879 	 3 	 546 	 545  	 444
880 	 3 	 546 	  444 	  445
881 	 3 	 547 	 546  	 445
882 	 3 	 547 	  445 	  446
883 	 3 	 548 	 547  	 446
884 	 3 	 548 	  446 	  447
885 	 3 	 549 	 548  	 447
886 	 3 	 549 	  447 	  448
887 	 3 	 550 	 549  	 448
888 	 3 	 550 	  448 	  449
889 	 3 	 551 	 550  	 449
890 	 3 	 551 	  449 	  450
891 	 3 	 552 	 551  	 450
892 	 3 	 552 	  450 	  451
893 	 3 	 553 	 552  	 451
894 	 3 	 553 	  451 	  452
895 	 3 	 554 	 553  	 452
896 	 3 	 554 	  452 	  453
897 	 3 	 555 	 554  	 453
898 	 3 	 555 	  453 	  454
899 	 3 	 556 	 555  	 454
900 	 3 	 556 	  454 	  455
901 	 3 	 557 	 556  	 455
902 	 3 	 557 	  455 	  456
903 	 3 	 558 	 557  	 456
904 	 3 	 558 	  456 	  457
905 	 3 	 559 	 558  	 457
906 	 3 	 559 	  457 	  458
907 	 3 	 560 	 559  	 458
908 	 3 	 560 	  458 	  459
909 	 3 	 561 	 560  	 459
910 	 3 	 561 	  459 	  460
911 	 3 	 562 	 561  	 460
912 	 3 	 562 	  460 	  461
913 	 3 	 563 	 562  	 461
914 	 3 	 563 	  461 	  462
915 	 3 	 564 	 563  	 462
916 	 3 	 564 	  462 	  463
917 	 3 	 565 	 564  	 463
918 	 3 	 565 	  463 	  464
919 	 3 	 566 	 565  	 464
920 	 3 	 566 	  464 	  465
921 	 3 	 567 	 566  	 465
922 	 3 	 567 	  465 	  466
923 	 3 	 568 	 567  	 466
924 	 3 	 568 	  466 	  467
925 	 3 	 569 	 568  	 467
926 	 3 	 569 	  467 	  468
927 	 3 	 570 	 569  	 468
928 	 3 	 570 	  468 	  469
929 	 3 	 571 	 570  	 469
930 	 3 	 571 	  469 	  470
931 	 3 	 572 	 571  	 470
932 	 3 	 572 	  470 	  471
933 	 3 	 573 	 572  	 471
934 	 3 	 573 	  471 	  472
935 	 3 	 574 	 573  	 472
936 	 3 	 574 	  472 	  473
937 	 3 	 575 	 574  	 473
938 	 3 	 575 	  473 	  474
939 	 3 	 576 	 575  	 474
940 	 3 	 576 	  474 	  475
941 	 3 	 577 	 576  	 475
942 	 3 	 577 	  475 	  476
943 	 3 	 578 	 577  	 476
944 	 3 	 578 	  476 	  477
945 	 3 	 579 	 578  	 477
946 	 3 	 579 	  477 	  478
947 	 3 	 580 	 579  	 478
948 	 3 	 580 	  478 	  479
949 	 3 	 581 	 580  	 479
950 	 3 	 581 	  479 	  480
951 	 3 	 582 	 581  	 480
952 	 3 	 582 	  480 	  481
953 	 3 	 583 	 582  	 481
954 	 3 	 583 	  481 	  482
955 	 3 	 584 	 583  	 482
956 	 3 	 584 	  482 	  483
957 	 3 	 585 	 584  	 483
958 	 3 	 585 	  483 	  484
959 	 3 	 586 	 585  	 484
960 	 3 	 586 	  484 	  485
961 	 3 	 587 	 586  	 485
962 	 3 	 587 	  485 	  486
963 	 3 	 588 	 587  	 486
964 	 3 	 588 	  486 	  487
965 	 3 	 589 	 588  	 487
966 	 3 	 589 	  487 	  488
967 	 3 	 590 	 589  	 488
968 	 3 	 590 	  488 	  489
969 	 3 	 591 	 590  	 489
970 	 3 	 591 	  489 	  490
971 	 3 	 592 	 591  	 490
972 	 3 	 592 	  490 	  491
973 	 3 	 593 	 592  	 491
974 	 3 	 593 	  491 	  492
975 	 3 	 594 	 593  	 492
976 	 3 	 594 	  492 	  493
977 	 3 	 595 	 594  	 493
978 	 3 	 595 	  493 	  494
979 	 3 	 596 	 595  	 494
980 	 3 	 596 	  494 	  495
981 	 3 	 597 	 596  	 495
982 	 3 	 597 	  495 	  496
983 	 3 	 598 	 597  	 496
984 	 3 	 598 	  496 	  497
985 	 3 	 599 	 598  	 497
986 	 3 	 599 	  497 	  498
987 	 3 	 600 	 599  	 498
988 	 3 	 600 	  498 	  499
989 	 3 	 601 	 600  	 499
990 	 3 	 601 	  499 	  500
991 	 3 	 602 	 601  	 500
992 	 3 	 602 	  500 	  501
993 	 3 	 603 	 602  	 501
994 	 3 	 603 	  501 	  502
995 	 3 	 604 	 603  	 502
996 	 3 	 604 	  502 	  503
997 	 3 	 605 	 604  	 503
998 	 3 	 605 	  503 	  504
999 	 3 	 606 	 605  	 504
1000 	 3 	 606 	  504 	  505
0  = Number of open boundaries 
0  = Total number of open boundary nodes  
4  = Number of land boundaries 
210  = Total number of land boundary nodes  
101 10 = Number of nodes for land boundary 1  
1
2
3
4
5
6
7
8
9
10
11
12
13
14
15
16
17
18
19
20
21
22
23
24
25
26
27
28
29
30
31
32
33
34
35
36
37
38
39
40
41
42
43
44
45
46
47
48
49
50
51
52
53
54
55
56
57
58
59
60
61
62
63
64
65
66
67
68
69
70
71
72
73
74
75
76
77
78
79
80
81
82
83
84
85
86
87
88
89
90
91
92
93
94
95
96
97
98
99
100
101
6 10 = Number of nodes for land boundary 2  
101
202
303
404
505
606
101 10 = Number of nodes for land boundary 3  
606
605
604
603
602
601
600
599
598
597
596
595
594
593
592
591
590
589
588
587
586
585
584
583
582
581
580
579
578
577
576
575
574
573
572
571
570
569
568
567
566
565
564
563
562
561
560
559
558
557
556
555
554
553
552
551
550
549
548
547
546
545
544
543
542
541
540
539
538
537
536
535
534
533
532
531
530
529
528
527
526
525
524
523
522
521
520
519
518
517
516
515
514
513
512
511
510
509
508
507
506
6 12 = Number of nodes for land boundary 4  
506
405
304
203
102
1
