         329
           1           6           7           1           9
           2           7           1           1           0
           3           1           6           1           2
           4           1           2           2           0
           5           2           6           2           4
           6           8           6           3          11
           7           6           3           3           4
           8           3           8           3           5
           9           2           3           4           0
          10           3           9           5           6
          11           9           8           5          20
          12           3           4           6           0
          13           4           9           6          15
          14           9           5           7          15
          15           5          10           7           0
          16          10           9           7           8
          17          10          14           8          16
          18          14           9           8          20
          19           6          11           9          11
          20          11           7           9          12
          21          11           8          10          11
          22           8          12          10          13
          23          12          11          10          19
          24          13           7          12           0
          25          11          13          12          17
          26          14          12          13          28
          27           8          14          13          20
          28          19          17          14          30
          29          17          12          14          18
          30          12          19          14          28
          31           4           5          15           0
          32          15          14          16          23
          33          10          15          16           0
          34          16          13          17          21
          35          11          16          17          19
          36          17          16          18          27
          37          16          12          18          19
          38          16          18          21          25
          39          18          13          21           0
          40          17          24          22          30
          41          24          22          22          38
          42          22          17          22          26
          43          15          19          23          24
          44          19          14          23          28
          45          20          19          24          31
          46          15          20          24           0
          47          21          18          25          29
          48          16          21          25          27
          49          22          21          26          35
          50          21          17          26          27
          51          21          23          29          33
          52          23          18          29           0
          53          19          24          30          31
          54          20          24          31          32
          55          20          25          32           0
          56          25          24          32          39
          57          26          23          33          37
          58          21          26          33          35
          59          27          26          34          43
          60          26          22          34          35
          61          22          27          34          36
          62          29          27          36          46
          63          22          29          36          38
          64          28          23          37           0
          65          26          28          37          41
          66          24          29          38          39
          67          25          29          39          40
          68          30          29          40          47
          69          25          30          40           0
          70          26          31          41          43
          71          31          28          41          45
          72          32          31          42          51
          73          31          27          42          43
          74          27          32          42          44
          75          27          34          44          46
          76          34          32          44          54
          77          31          33          45          49
          78          33          28          45           0
          79          29          34          46          47
          80          30          34          47          48
          81          35          34          48          55
          82          30          35          48           0
          83          31          36          49          51
          84          36          33          49          53
          85          37          36          50          59
          86          36          32          50          51
          87          32          37          50          52
          88          32          39          52          54
          89          39          37          52          62
          90          38          33          53           0
          91          36          38          53          57
          92          34          39          54          55
          93          35          39          55          56
          94          35          40          56           0
          95          40          39          56          63
          96          41          38          57          61
          97          36          41          57          59
          98          37          42          58          60
          99          42          41          58          67
         100          41          37          58          59
         101          44          42          60          70
         102          37          44          60          62
         103          43          38          61           0
         104          41          43          61          65
         105          39          44          62          63
         106          40          44          63          64
         107          45          44          64          71
         108          40          45          64           0
         109          46          43          65          69
         110          41          46          65          67
         111          46          47          66          75
         112          47          51          66          74
         113          51          46          66          73
         114          42          46          67          75
         115          42          49          68          70
         116          49          47          68          78
         117          47          42          68          75
         118          46          48          69          73
         119          48          43          69           0
         120          44          49          70          71
         121          45          49          71          72
         122          45          50          72           0
         123          50          49          72          79
         124          51          48          73          77
         125          52          51          74          83
         126          47          52          74          76
         127          54          52          76          86
         128          47          54          76          78
         129          53          48          77           0
         130          51          53          77          81
         131          49          54          78          79
         132          50          54          79          80
         133          50          55          80           0
         134          55          54          80          87
         135          51          56          81          83
         136          56          53          81          85
         137          57          56          82          91
         138          56          52          82          83
         139          52          57          82          84
         140          52          59          84          86
         141          59          57          84          94
         142          56          58          85          89
         143          58          53          85           0
         144          54          59          86          87
         145          55          59          87          88
         146          55          60          88           0
         147          60          59          88          95
         148          61          58          89          93
         149          56          61          89          91
         150          61          57          90          91
         151          57          62          90          92
         152          62          61          90          99
         153          64          62          92         102
         154          57          64          92          94
         155          61          63          93          97
         156          63          58          93           0
         157          59          64          94          95
         158          60          64          95          96
         159          60          65          96           0
         160          65          64          96         103
         161          61          66          97          99
         162          66          63          97         101
         163          66          62          98          99
         164          62          67          98         100
         165          67          66          98         107
         166          62          69         100         102
         167          69          67         100         110
         168          66          68         101         105
         169          68          63         101           0
         170          64          69         102         103
         171          65          69         103         104
         172          65          70         104           0
         173          70          69         104         111
         174          71          68         105         109
         175          66          71         105         107
         176          72          71         106         115
         177          71          67         106         107
         178          67          72         106         108
         179          67          74         108         110
         180          74          72         108         118
         181          71          73         109         113
         182          73          68         109           0
         183          69          74         110         111
         184          70          74         111         112
         185          75          74         112         119
         186          70          75         112           0
         187          76          73         113         117
         188          71          76         113         115
         189          76          72         114         115
         190          72          77         114         116
         191          77          76         114         123
         192          79          77         116         126
         193          72          79         116         118
         194          78          73         117           0
         195          76          78         117         121
         196          74          79         118         119
         197          75          79         119         120
         198          75          80         120           0
         199          80          79         120         127
         200          81          78         121         125
         201          76          81         121         123
         202          82          81         122         131
         203          81          77         122         123
         204          77          82         122         124
         205          77          84         124         126
         206          84          82         124         134
         207          81          83         125         129
         208          83          78         125           0
         209          79          84         126         127
         210          80          84         127         128
         211          80          85         128           0
         212          85          84         128         135
         213          86          83         129         133
         214          81          86         129         131
         215          82          87         130         132
         216          87          86         130         139
         217          86          82         130         131
         218          82          89         132         134
         219          89          87         132         142
         220          86          88         133         137
         221          88          83         133           0
         222          84          89         134         135
         223          85          89         135         136
         224          85          90         136           0
         225          90          89         136         143
         226          91          88         137         141
         227          86          91         137         139
         228          92          91         138         147
         229          91          87         138         139
         230          87          92         138         140
         231          94          92         140         150
         232          87          94         140         142
         233          93          88         141           0
         234          91          93         141         145
         235          89          94         142         143
         236          90          94         143         144
         237          95          94         144         151
         238          90          95         144           0
         239          91          96         145         147
         240          96          93         145         149
         241          97          96         146         155
         242          96          92         146         147
         243          92          97         146         148
         244          92          99         148         150
         245          99          97         148         158
         246          96          98         149         153
         247          98          93         149           0
         248          94          99         150         151
         249          95          99         151         152
         250         100          99         152         159
         251          95         100         152           0
         252          96         101         153         155
         253         101          98         153         157
         254         102         101         154         163
         255         101          97         154         155
         256          97         102         154         156
         257          97         104         156         158
         258         104         102         156         166
         259         103          98         157           0
         260         101         103         157         161
         261          99         104         158         159
         262         100         104         159         160
         263         105         104         160         167
         264         100         105         160           0
         265         106         103         161         165
         266         101         106         161         163
         267         102         107         162         164
         268         107         106         162         171
         269         106         102         162         163
         270         109         107         164         174
         271         102         109         164         166
         272         108         103         165           0
         273         106         108         165         169
         274         104         109         166         167
         275         105         109         167         168
         276         105         110         168           0
         277         110         109         168         175
         278         111         108         169         173
         279         106         111         169         171
         280         111         107         170         171
         281         107         112         170         172
         282         112         111         170         179
         283         107         114         172         174
         284         114         112         172         182
         285         111         113         173         177
         286         113         108         173           0
         287         109         114         174         175
         288         110         114         175         176
         289         110         115         176           0
         290         115         114         176         183
         291         116         113         177         181
         292         111         116         177         179
         293         117         116         178         187
         294         116         112         178         179
         295         112         117         178         180
         296         119         117         180         191
         297         112         119         180         182
         298         118         113         181           0
         299         116         118         181         185
         300         114         119         182         183
         301         115         119         183         184
         302         115         120         184           0
         303         120         119         184         190
         304         116         121         185         187
         305         121         118         185         189
         306         122         121         186         195
         307         121         117         186         187
         308         117         122         186         188
         309         117         124         188         191
         310         124         122         188         199
         311         121         123         189         193
         312         123         118         189           0
         313         120         124         190         192
         314         124         119         190         191
         315         120         125         192           0
         316         125         124         192         198
         317         126         123         193         197
         318         121         126         193         195
         319         122         127         194         196
         320         127         126         194           0
         321         126         122         194         195
         322         129         127         196           0
         323         122         129         196         199
         324         126         128         197           0
         325         128         123         197           0
         326         125         129         198         200
         327         129         124         198         199
         328         125         130         200           0
         329         130         129         200           0
           1           1           2           3
           2           3           4           5
           3           6           7           8
           4           5           9           7
           5           8          10          11
           6          12          13          10
           7          14          15          16
           8          17          18          16
           9           1          19          20
          10          21          22          23
          11          19           6          21
          12          24          20          25
          13          26          22          27
          14          28          29          30
          15          31          14          13
          16          32          17          33
          17          34          25          35
          18          36          37          29
          19          35          23          37
          20          11          18          27
          21          38          39          34
          22          40          41          42
          23          43          44          32
          24          45          43          46
          25          47          38          48
          26          42          49          50
          27          48          36          50
          28          44          30          26
          29          47          51          52
          30          40          28          53
          31          54          53          45
          32          55          56          54
          33          57          51          58
          34          59          60          61
          35          58          49          60
          36          62          61          63
          37          64          57          65
          38          41          66          63
          39          67          66          56
          40          68          67          69
          41          65          70          71
          42          72          73          74
          43          59          73          70
          44          75          76          74
          45          71          77          78
          46          75          62          79
          47          68          80          79
          48          81          80          82
          49          83          84          77
          50          85          86          87
          51          83          72          86
          52          88          89          87
          53          90          84          91
          54          88          76          92
          55          92          81          93
          56          94          95          93
          57          96          91          97
          58          98          99         100
          59          85         100          97
          60         101          98         102
          61         103          96         104
          62          89         105         102
          63          95         106         105
          64         107         106         108
          65         109         104         110
          66         111         112         113
          67         110          99         114
          68         115         116         117
          69         118         119         109
          70         120         115         101
          71         121         120         107
          72         122         123         121
          73         124         118         113
          74         125         112         126
          75         117         111         114
          76         127         126         128
          77         129         124         130
          78         131         128         116
          79         123         132         131
          80         133         134         132
          81         130         135         136
          82         137         138         139
          83         138         135         125
          84         140         141         139
          85         136         142         143
          86         144         140         127
          87         145         144         134
          88         146         147         145
          89         148         142         149
          90         150         151         152
          91         150         149         137
          92         153         151         154
          93         148         155         156
          94         157         154         141
          95         147         158         157
          96         159         160         158
          97         155         161         162
          98         163         164         165
          99         163         161         152
         100         164         166         167
         101         168         169         162
         102         153         170         166
         103         170         160         171
         104         171         172         173
         105         174         168         175
         106         176         177         178
         107         175         165         177
         108         178         179         180
         109         181         182         174
         110         179         167         183
         111         173         184         183
         112         185         184         186
         113         187         181         188
         114         189         190         191
         115         188         176         189
         116         192         190         193
         117         194         187         195
         118         196         193         180
         119         197         196         185
         120         198         199         197
         121         200         195         201
         122         202         203         204
         123         201         191         203
         124         204         205         206
         125         207         208         200
         126         192         209         205
         127         210         209         199
         128         211         212         210
         129         213         207         214
         130         215         216         217
         131         214         202         217
         132         218         219         215
         133         213         220         221
         134         218         206         222
         135         212         223         222
         136         224         225         223
         137         226         220         227
         138         228         229         230
         139         227         216         229
         140         231         230         232
         141         233         226         234
         142         219         235         232
         143         236         235         225
         144         237         236         238
         145         234         239         240
         146         241         242         243
         147         228         242         239
         148         244         245         243
         149         240         246         247
         150         244         231         248
         151         237         249         248
         152         250         249         251
         153         252         253         246
         154         254         255         256
         155         252         241         255
         156         256         257         258
         157         259         253         260
         158         261         257         245
         159         250         262         261
         160         263         262         264
         161         265         260         266
         162         267         268         269
         163         254         269         266
         164         270         267         271
         165         272         265         273
         166         258         274         271
         167         275         274         263
         168         275         276         277
         169         278         273         279
         170         280         281         282
         171         279         268         280
         172         283         284         281
         173         285         286         278
         174         287         283         270
         175         288         287         277
         176         289         290         288
         177         291         285         292
         178         293         294         295
         179         282         294         292
         180         296         295         297
         181         298         291         299
         182         300         297         284
         183         290         301         300
         184         302         303         301
         185         299         304         305
         186         306         307         308
         187         304         293         307
         188         309         310         308
         189         305         311         312
         190         313         314         303
         191         309         296         314
         192         315         316         313
         193         317         311         318
         194         319         320         321
         195         321         318         306
         196         322         319         323
         197         317         324         325
         198         326         327         316
         199         327         323         310
         200         328         329         326
         271        ! NUMBER OF INTERNAL EDGES
           1           1           6           7
           2           3           1           6
           3           5           2           6
           4           6           8           6
           5           7           6           3
           6           8           3           8
           7          10           3           9
           8          11           9           8
           9          13           4           9
          10          14           9           5
          11          16          10           9
          12          17          10          14
          13          18          14           9
          14          19           6          11
          15          20          11           7
          16          21          11           8
          17          22           8          12
          18          23          12          11
          19          25          11          13
          20          26          14          12
          21          27           8          14
          22          28          19          17
          23          29          17          12
          24          30          12          19
          25          32          15          14
          26          34          16          13
          27          35          11          16
          28          36          17          16
          29          37          16          12
          30          38          16          18
          31          40          17          24
          32          41          24          22
          33          42          22          17
          34          43          15          19
          35          44          19          14
          36          45          20          19
          37          47          21          18
          38          48          16          21
          39          49          22          21
          40          50          21          17
          41          51          21          23
          42          53          19          24
          43          54          20          24
          44          56          25          24
          45          57          26          23
          46          58          21          26
          47          59          27          26
          48          60          26          22
          49          61          22          27
          50          62          29          27
          51          63          22          29
          52          65          26          28
          53          66          24          29
          54          67          25          29
          55          68          30          29
          56          70          26          31
          57          71          31          28
          58          72          32          31
          59          73          31          27
          60          74          27          32
          61          75          27          34
          62          76          34          32
          63          77          31          33
          64          79          29          34
          65          80          30          34
          66          81          35          34
          67          83          31          36
          68          84          36          33
          69          85          37          36
          70          86          36          32
          71          87          32          37
          72          88          32          39
          73          89          39          37
          74          91          36          38
          75          92          34          39
          76          93          35          39
          77          95          40          39
          78          96          41          38
          79          97          36          41
          80          98          37          42
          81          99          42          41
          82         100          41          37
          83         101          44          42
          84         102          37          44
          85         104          41          43
          86         105          39          44
          87         106          40          44
          88         107          45          44
          89         109          46          43
          90         110          41          46
          91         111          46          47
          92         112          47          51
          93         113          51          46
          94         114          42          46
          95         115          42          49
          96         116          49          47
          97         117          47          42
          98         118          46          48
          99         120          44          49
         100         121          45          49
         101         123          50          49
         102         124          51          48
         103         125          52          51
         104         126          47          52
         105         127          54          52
         106         128          47          54
         107         130          51          53
         108         131          49          54
         109         132          50          54
         110         134          55          54
         111         135          51          56
         112         136          56          53
         113         137          57          56
         114         138          56          52
         115         139          52          57
         116         140          52          59
         117         141          59          57
         118         142          56          58
         119         144          54          59
         120         145          55          59
         121         147          60          59
         122         148          61          58
         123         149          56          61
         124         150          61          57
         125         151          57          62
         126         152          62          61
         127         153          64          62
         128         154          57          64
         129         155          61          63
         130         157          59          64
         131         158          60          64
         132         160          65          64
         133         161          61          66
         134         162          66          63
         135         163          66          62
         136         164          62          67
         137         165          67          66
         138         166          62          69
         139         167          69          67
         140         168          66          68
         141         170          64          69
         142         171          65          69
         143         173          70          69
         144         174          71          68
         145         175          66          71
         146         176          72          71
         147         177          71          67
         148         178          67          72
         149         179          67          74
         150         180          74          72
         151         181          71          73
         152         183          69          74
         153         184          70          74
         154         185          75          74
         155         187          76          73
         156         188          71          76
         157         189          76          72
         158         190          72          77
         159         191          77          76
         160         192          79          77
         161         193          72          79
         162         195          76          78
         163         196          74          79
         164         197          75          79
         165         199          80          79
         166         200          81          78
         167         201          76          81
         168         202          82          81
         169         203          81          77
         170         204          77          82
         171         205          77          84
         172         206          84          82
         173         207          81          83
         174         209          79          84
         175         210          80          84
         176         212          85          84
         177         213          86          83
         178         214          81          86
         179         215          82          87
         180         216          87          86
         181         217          86          82
         182         218          82          89
         183         219          89          87
         184         220          86          88
         185         222          84          89
         186         223          85          89
         187         225          90          89
         188         226          91          88
         189         227          86          91
         190         228          92          91
         191         229          91          87
         192         230          87          92
         193         231          94          92
         194         232          87          94
         195         234          91          93
         196         235          89          94
         197         236          90          94
         198         237          95          94
         199         239          91          96
         200         240          96          93
         201         241          97          96
         202         242          96          92
         203         243          92          97
         204         244          92          99
         205         245          99          97
         206         246          96          98
         207         248          94          99
         208         249          95          99
         209         250         100          99
         210         252          96         101
         211         253         101          98
         212         254         102         101
         213         255         101          97
         214         256          97         102
         215         257          97         104
         216         258         104         102
         217         260         101         103
         218         261          99         104
         219         262         100         104
         220         263         105         104
         221         265         106         103
         222         266         101         106
         223         267         102         107
         224         268         107         106
         225         269         106         102
         226         270         109         107
         227         271         102         109
         228         273         106         108
         229         274         104         109
         230         275         105         109
         231         277         110         109
         232         278         111         108
         233         279         106         111
         234         280         111         107
         235         281         107         112
         236         282         112         111
         237         283         107         114
         238         284         114         112
         239         285         111         113
         240         287         109         114
         241         288         110         114
         242         290         115         114
         243         291         116         113
         244         292         111         116
         245         293         117         116
         246         294         116         112
         247         295         112         117
         248         296         119         117
         249         297         112         119
         250         299         116         118
         251         300         114         119
         252         301         115         119
         253         303         120         119
         254         304         116         121
         255         305         121         118
         256         306         122         121
         257         307         121         117
         258         308         117         122
         259         309         117         124
         260         310         124         122
         261         311         121         123
         262         313         120         124
         263         314         124         119
         264         316         125         124
         265         317         126         123
         266         318         121         126
         267         319         122         127
         268         321         126         122
         269         323         122         129
         270         326         125         129
         271         327         129         124
          58        ! NUMBER OF NO-NORMAL FLOW EDGES
           1          15           5          10
           2          33          10          15
           3          46          15          20
           4          55          20          25
           5          69          25          30
           6          82          30          35
           7          94          35          40
           8         108          40          45
           9         122          45          50
          10         133          50          55
          11         146          55          60
          12         159          60          65
          13         172          65          70
          14         186          70          75
          15         198          75          80
          16         211          80          85
          17         224          85          90
          18         238          90          95
          19         251          95         100
          20         264         100         105
          21         276         105         110
          22         289         110         115
          23         302         115         120
          24         315         120         125
          25         328         125         130
          26         325         128         123
          27         312         123         118
          28         298         118         113
          29         286         113         108
          30         272         108         103
          31         259         103          98
          32         247          98          93
          33         233          93          88
          34         221          88          83
          35         208          83          78
          36         194          78          73
          37         182          73          68
          38         169          68          63
          39         156          63          58
          40         143          58          53
          41         129          53          48
          42         119          48          43
          43         103          43          38
          44          90          38          33
          45          78          33          28
          46          64          28          23
          47          52          23          18
          48          39          18          13
          49          24          13           7
          50           2           7           1
          51         322         129         127
          52         320         127         126
          53           9           2           3
          54          12           3           4
          55           4           1           2
          56          31           4           5
          57         324         126         128
          58         329         130         129
           0        ! NUMBER OF ELEVATION SPECIFIED EDGES
           0        ! NUMBER OF FLOW SPECIFIED EDGES
           0        ! NUMBER OF EXTERNAL BARRIER EDGES
           0        ! NUMBER OF INTERNAL BARRIER EDGES
           0       ! NUMBER OF RADIATION EDGES
