 pseudo_1d_x1_t1                                                                
 M2,M4,M6, and STEADY, min. depth = 2.0! 20 CHARACTER ALPANUMERIC RUN IDENTIFICA
ADCIRC Model                                                                    
     200     130                ! Total # elements & nodes
       4                        ! Number of processors
      42                        ! Max nodes on any processor
          59
       0                        ! NSTAE
       0                        ! NSTAV
      10                        ! MNHARF
       1       1                ! NWLON, NWLAT
       0      42      32  ! PE, NNODP(PE), NOD_RES_TOT(PE
              58      61      62      63      64      65      66      67      68
              69      70      71      72      73      74      75      76      77
              78      79      80      81      82      83      84      85      86
              87      88      89      90      91      92      93      94      95
              96      97      99     100     104     105
       1      39      34  ! PE, NNODP(PE), NOD_RES_TOT(PE
              88      91      92      93      96      97      98      99     100
             101     102     103     104     105     106     107     108     109
             110     111     112     113     114     115     116     117     118
             119     120     121     122     123     124     125     126     127
             128     129     130
       2      41      31  ! PE, NNODP(PE), NOD_RES_TOT(PE
              27      28      31      32      33      34      35      36      37
              38      39      40      41      42      43      44      45      46
              47      48      49      50      51      52      53      54      55
              56      57      58      59      60      61      62      63      64
              65      66      67      69      70
       3      38      33  ! PE, NNODP(PE), NOD_RES_TOT(PE
               1       2       3       4       5       6       7       8       9
              10      11      12      13      14      15      16      17      18
              19      20      21      22      23      24      25      26      27
              28      29      30      31      32      33      34      35      36
              39      40
       0      59  ! PE, NELP(PE)
              93      97      98      99     100     101     102     103     104
             105     106     107     108     109     110     111     112     113
             114     115     116     117     118     119     120     121     122
             123     124     125     126     127     128     129     130     131
             132     133     134     135     136     137     138     139     140
             141     142     143     144     145     146     147     148     150
             151     152     158     159     160
       1      54  ! PE, NELP(PE)
             141     145     146     147     148     149     153     154     155
             156     157     158     159     160     161     162     163     164
             165     166     167     168     169     170     171     172     173
             174     175     176     177     178     179     180     181     182
             183     184     185     186     187     188     189     190     191
             192     193     194     195     196     197     198     199     200
       2      58  ! PE, NELP(PE)
              42      44      45      49      50      51      52      53      54
              55      56      57      58      59      60      61      62      63
              64      65      66      67      68      69      70      71      72
              73      74      75      76      77      78      79      80      81
              82      83      84      85      86      87      88      89      90
              91      92      93      94      95      96      97      98      99
             100     102     103     104
       3      53  ! PE, NELP(PE)
               1       2       3       4       5       6       7       8       9
              10      11      12      13      14      15      16      17      18
              19      20      21      22      23      24      25      26      27
              28      29      30      31      32      33      34      35      36
              37      38      39      40      41      42      43      44      45
              46      47      48      49      51      54      55      56
 GLOBAL   PE     LOCAL   ( Global-to-Local Nodes )
               1       3       1
               2       3       2
               3       3       3
               4       3       4
               5       3       5
               6       3       6
               7       3       7
               8       3       8
               9       3       9
              10       3      10
              11       3      11
              12       3      12
              13       3      13
              14       3      14
              15       3      15
              16       3      16
              17       3      17
              18       3      18
              19       3      19
              20       3      20
              21       3      21
              22       3      22
              23       3      23
              24       3      24
              25       3      25
              26       3      26
              27       3      27
              28       3      28
              29       3      29
              30       3      30
              31       3      31
              32       2       4
              33       2       5
              34       3      34
              35       3      35
              36       2       8
              37       2       9
              38       2      10
              39       2      11
              40       2      12
              41       2      13
              42       2      14
              43       2      15
              44       2      16
              45       2      17
              46       2      18
              47       2      19
              48       2      20
              49       2      21
              50       2      22
              51       2      23
              52       2      24
              53       2      25
              54       2      26
              55       2      27
              56       2      28
              57       2      29
              58       2      30
              59       2      31
              60       2      32
              61       2      33
              62       2      34
              63       0       4
              64       2      36
              65       2      37
              66       0       7
              67       0       8
              68       0       9
              69       0      10
              70       0      11
              71       0      12
              72       0      13
              73       0      14
              74       0      15
              75       0      16
              76       0      17
              77       0      18
              78       0      19
              79       0      20
              80       0      21
              81       0      22
              82       0      23
              83       0      24
              84       0      25
              85       0      26
              86       0      27
              87       0      28
              88       0      29
              89       0      30
              90       0      31
              91       0      32
              92       0      33
              93       1       4
              94       0      35
              95       0      36
              96       1       5
              97       1       6
              98       1       7
              99       0      39
             100       0      40
             101       1      10
             102       1      11
             103       1      12
             104       1      13
             105       1      14
             106       1      15
             107       1      16
             108       1      17
             109       1      18
             110       1      19
             111       1      20
             112       1      21
             113       1      22
             114       1      23
             115       1      24
             116       1      25
             117       1      26
             118       1      27
             119       1      28
             120       1      29
             121       1      30
             122       1      31
             123       1      32
             124       1      33
             125       1      34
             126       1      35
             127       1      36
             128       1      37
             129       1      38
             130       1      39
       1 0.60000000E+01 0.80000000E+01      30   ! NOUTE,TOUTSE,TOUTFE,NSPOOLE
           1           0
           2           0
           3           0
           4           0
       1 0.60000000E+01 0.80000000E+01      30   ! NOUTV,TOUTSV,TOUTFV,NSPOOLV
           1           0
           2           0
           3           0
           4           0
       1 0.00000000E+00 0.12420000E+02      20   ! NOUTGE, TOUTSGE, TOUTFGE, N
       1 0.00000000E+00 0.12420000E+02      20   ! NOUTGV, TOUTSGV, TOUTFGV, N
       0 0.00000000E+00 0.00000000E+00       0   ! NOUTGC, TOUTSGC, TOUTFGC, N
       0 0.00000000E+00 0.00000000E+00       0   ! NOUTGW, TOUTSGW, TOUTFGW, N
   0   0   1   1    ! NHASE, NHASV, NHAGE, NHAGV
       0 0.00000000E+00 0.00000000E+00       0       0   ! I3DSD, TO3DSSD, TO3DFSD, NS
       0 0.00000000E+00 0.00000000E+00       0       0   ! I3DSV, TO3DSSV, TO3DFSV, NS
       0 0.00000000E+00 0.00000000E+00       0       0   ! I3DST, TO3DSST, TO3DFST, NS
       0 0.00000000E+00 0.00000000E+00       0   ! I3DGD, TO3DSGD, TO3DFGD, NS
       0 0.00000000E+00 0.00000000E+00       0   ! I3DGV, TO3DSGV, TO3DFGV, NS
       0 0.00000000E+00 0.00000000E+00       0   ! I3DGT, TO3DSGT, TO3DFGT, NS
           8
