   1.0000000000000000e+00
  -7.2516813402943670e-01
  -4.6317116808580749e-16
   4.2772343151971631e-04
  -7.2516813402943670e-01
  -4.6317116808580749e-16
   4.2772343151971631e-04
  -7.2516813402943670e-01
  -4.6317116808580749e-16
   4.2772343151971631e-04
  -7.2516813402943670e-01
  -4.6317116808580749e-16
   4.2772343151971631e-04
  -7.2516813402943670e-01
  -4.6317116808580749e-16
   4.2772343151971631e-04
  -7.2516813402943670e-01
  -4.6317116808580749e-16
   4.2772343151971631e-04
  -7.2516813402943670e-01
  -4.6317116808580749e-16
   4.2772343151971631e-04
  -7.2516813402943670e-01
  -4.6317116808580749e-16
   4.2772343151971631e-04
  -7.2516813402943670e-01
  -4.6317116808580749e-16
   4.2772343151971631e-04
  -7.2516813402943670e-01
  -4.6317116808580749e-16
   4.2772343151971631e-04
  -7.2516813402943670e-01
  -4.6317116808580749e-16
   4.2772343151971631e-04
  -7.2516813402943670e-01
  -4.6317116808580749e-16
   4.2772343151971631e-04
  -7.2516813402943670e-01
  -4.6317116808580749e-16
   4.2772343151971631e-04
  -7.2516813402943670e-01
  -4.6317116808580749e-16
   4.2772343151971631e-04
  -7.2516813402943670e-01
  -4.6317116808580749e-16
   4.2772343151971631e-04
  -7.2516813402943670e-01
  -4.6317116808580749e-16
   4.2772343151971631e-04
  -7.2516813402943670e-01
  -4.6317116808580749e-16
   4.2772343151971631e-04
  -7.2516813402943670e-01
  -4.6317116808580749e-16
   4.2772343151971631e-04
  -7.2516813402943670e-01
  -4.6317116808580749e-16
   4.2772343151971631e-04
  -7.2516813402943670e-01
  -4.6317116808580749e-16
   4.2772343151971631e-04
  -7.2516813402943670e-01
  -4.6317116808580749e-16
   4.2772343151971631e-04
  -7.2516813402943670e-01
  -4.6317116808580749e-16
   4.2772343151971631e-04
  -7.2516813402943670e-01
  -4.6317116808580749e-16
   4.2772343151971631e-04
  -7.2516813402943670e-01
  -4.6317116808580749e-16
   4.2772343151971631e-04
  -7.2345798005326489e-01
  -4.5536491244391186e-16
   1.2821616003095950e-03
  -7.2345798005326489e-01
  -4.5536491244391186e-16
   1.2821616003095950e-03
  -7.2345798005326489e-01
  -4.5536491244391186e-16
   1.2821616003095950e-03
  -7.2345798005326489e-01
  -4.5536491244391186e-16
   1.2821616003095950e-03
  -7.2345798005326489e-01
  -4.5536491244391186e-16
   1.2821616003095950e-03
  -7.2345798005326489e-01
  -4.5536491244391186e-16
   1.2821616003095950e-03
  -7.2345798005326489e-01
  -4.5536491244391186e-16
   1.2821616003095950e-03
  -7.2345798005326489e-01
  -4.5536491244391186e-16
   1.2821616003095950e-03
  -7.2345798005326489e-01
  -4.5536491244391186e-16
   1.2821616003095950e-03
  -7.2345798005326489e-01
  -4.5536491244391186e-16
   1.2821616003095950e-03
  -7.2345798005326489e-01
  -4.5536491244391186e-16
   1.2821616003095950e-03
  -7.2345798005326489e-01
  -4.5536491244391186e-16
   1.2821616003095950e-03
  -7.2345798005326489e-01
  -4.5536491244391186e-16
   1.2821616003095950e-03
  -7.2345798005326489e-01
  -4.5536491244391186e-16
   1.2821616003095950e-03
  -7.2345798005326489e-01
  -4.5536491244391186e-16
   1.2821616003095950e-03
  -7.2345798005326489e-01
  -4.5536491244391186e-16
   1.2821616003095950e-03
  -7.2345798005326489e-01
  -4.5536491244391186e-16
   1.2821616003095950e-03
  -7.2345798005326489e-01
  -4.5536491244391186e-16
   1.2821616003095950e-03
  -7.2345798005326489e-01
  -4.5536491244391186e-16
   1.2821616003095950e-03
  -7.2345798005326489e-01
  -4.5536491244391186e-16
   1.2821616003095950e-03
  -7.2345798005326489e-01
  -4.5536491244391186e-16
   1.2821616003095950e-03
  -7.2345798005326489e-01
  -4.5536491244391186e-16
   1.2821616003095950e-03
  -7.2345798005326489e-01
  -4.5536491244391186e-16
   1.2821616003095950e-03
  -7.2345798005326489e-01
  -4.5536491244391186e-16
   1.2821616003095950e-03
  -7.2004170513337862e-01
  -5.0740661672321608e-16
   2.1335760651390043e-03
  -7.2004170513337862e-01
  -5.0740661672321608e-16
   2.1335760651390043e-03
  -7.2004170513337862e-01
  -5.0740661672321608e-16
   2.1335760651390043e-03
  -7.2004170513337862e-01
  -5.0740661672321608e-16
   2.1335760651390043e-03
  -7.2004170513337862e-01
  -5.0740661672321608e-16
   2.1335760651390043e-03
  -7.2004170513337862e-01
  -5.0740661672321608e-16
   2.1335760651390043e-03
  -7.2004170513337862e-01
  -5.0740661672321608e-16
   2.1335760651390043e-03
  -7.2004170513337862e-01
  -5.0740661672321608e-16
   2.1335760651390043e-03
  -7.2004170513337862e-01
  -5.0740661672321608e-16
   2.1335760651390043e-03
  -7.2004170513337862e-01
  -5.0740661672321608e-16
   2.1335760651390043e-03
  -7.2004170513337862e-01
  -5.0740661672321608e-16
   2.1335760651390043e-03
  -7.2004170513337862e-01
  -5.0740661672321608e-16
   2.1335760651390043e-03
  -7.2004170513337862e-01
  -5.0740661672321608e-16
   2.1335760651390043e-03
  -7.2004170513337862e-01
  -5.0740661672321608e-16
   2.1335760651390043e-03
  -7.2004170513337862e-01
  -5.0740661672321608e-16
   2.1335760651390043e-03
  -7.2004170513337862e-01
  -5.0740661672321608e-16
   2.1335760651390043e-03
  -7.2004170513337862e-01
  -5.0740661672321608e-16
   2.1335760651390043e-03
  -7.2004170513337862e-01
  -5.0740661672321608e-16
   2.1335760651390043e-03
  -7.2004170513337862e-01
  -5.0740661672321608e-16
   2.1335760651390043e-03
  -7.2004170513337862e-01
  -5.0740661672321608e-16
   2.1335760651390043e-03
  -7.2004170513337862e-01
  -5.0740661672321608e-16
   2.1335760651390043e-03
  -7.2004170513337862e-01
  -5.0740661672321608e-16
   2.1335760651390043e-03
  -7.2004170513337862e-01
  -5.0740661672321608e-16
   2.1335760651390043e-03
  -7.2004170513337862e-01
  -5.0740661672321608e-16
   2.1335760651390043e-03
  -7.1492736582365035e-01
  -4.5536491244391186e-16
   2.9799589470567772e-03
  -7.1492736582365035e-01
  -4.5536491244391186e-16
   2.9799589470567772e-03
  -7.1492736582365035e-01
  -4.5536491244391186e-16
   2.9799589470567772e-03
  -7.1492736582365035e-01
  -4.5536491244391186e-16
   2.9799589470567772e-03
  -7.1492736582365035e-01
  -4.5536491244391186e-16
   2.9799589470567772e-03
  -7.1492736582365035e-01
  -4.5536491244391186e-16
   2.9799589470567772e-03
  -7.1492736582365035e-01
  -4.5536491244391186e-16
   2.9799589470567772e-03
  -7.1492736582365035e-01
  -4.5536491244391186e-16
   2.9799589470567772e-03
  -7.1492736582365035e-01
  -4.5536491244391186e-16
   2.9799589470567772e-03
  -7.1492736582365035e-01
  -4.5536491244391186e-16
   2.9799589470567772e-03
  -7.1492736582365035e-01
  -4.5536491244391186e-16
   2.9799589470567772e-03
  -7.1492736582365035e-01
  -4.5536491244391186e-16
   2.9799589470567772e-03
  -7.1492736582365035e-01
  -4.5536491244391186e-16
   2.9799589470567772e-03
  -7.1492736582365035e-01
  -4.5536491244391186e-16
   2.9799589470567772e-03
  -7.1492736582365035e-01
  -4.5536491244391186e-16
   2.9799589470567772e-03
  -7.1492736582365035e-01
  -4.5536491244391186e-16
   2.9799589470567772e-03
  -7.1492736582365035e-01
  -4.5536491244391186e-16
   2.9799589470567772e-03
  -7.1492736582365035e-01
  -4.5536491244391186e-16
   2.9799589470567772e-03
  -7.1492736582365035e-01
  -4.5536491244391186e-16
   2.9799589470567772e-03
  -7.1492736582365035e-01
  -4.5536491244391186e-16
   2.9799589470567772e-03
  -7.1492736582365035e-01
  -4.5536491244391186e-16
   2.9799589470567772e-03
  -7.1492736582365035e-01
  -4.5536491244391186e-16
   2.9799589470567772e-03
  -7.1492736582365035e-01
  -4.5536491244391186e-16
   2.9799589470567772e-03
  -7.1492736582365035e-01
  -4.5536491244391186e-16
   2.9799589470567772e-03
  -7.0812702319970622e-01
  -4.5016074201598144e-16
   3.8193142330240253e-03
  -7.0812702319970622e-01
  -4.5016074201598144e-16
   3.8193142330240253e-03
  -7.0812702319970622e-01
  -4.5016074201598144e-16
   3.8193142330240253e-03
  -7.0812702319970622e-01
  -4.5016074201598144e-16
   3.8193142330240253e-03
  -7.0812702319970622e-01
  -4.5016074201598144e-16
   3.8193142330240253e-03
  -7.0812702319970622e-01
  -4.5016074201598144e-16
   3.8193142330240253e-03
  -7.0812702319970622e-01
  -4.5016074201598144e-16
   3.8193142330240253e-03
  -7.0812702319970622e-01
  -4.5016074201598144e-16
   3.8193142330240253e-03
  -7.0812702319970622e-01
  -4.5016074201598144e-16
   3.8193142330240253e-03
  -7.0812702319970622e-01
  -4.5016074201598144e-16
   3.8193142330240253e-03
  -7.0812702319970622e-01
  -4.5016074201598144e-16
   3.8193142330240253e-03
  -7.0812702319970622e-01
  -4.5016074201598144e-16
   3.8193142330240253e-03
  -7.0812702319970622e-01
  -4.5016074201598144e-16
   3.8193142330240253e-03
  -7.0812702319970622e-01
  -4.5016074201598144e-16
   3.8193142330240253e-03
  -7.0812702319970622e-01
  -4.5016074201598144e-16
   3.8193142330240253e-03
  -7.0812702319970622e-01
  -4.5016074201598144e-16
   3.8193142330240253e-03
  -7.0812702319970622e-01
  -4.5016074201598144e-16
   3.8193142330240253e-03
  -7.0812702319970622e-01
  -4.5016074201598144e-16
   3.8193142330240253e-03
  -7.0812702319970622e-01
  -4.5016074201598144e-16
   3.8193142330240253e-03
  -7.0812702319970622e-01
  -4.5016074201598144e-16
   3.8193142330240253e-03
  -7.0812702319970622e-01
  -4.5016074201598144e-16
   3.8193142330240253e-03
  -7.0812702319970622e-01
  -4.5016074201598144e-16
   3.8193142330240253e-03
  -7.0812702319970622e-01
  -4.5016074201598144e-16
   3.8193142330240253e-03
  -7.0812702319970622e-01
  -4.5016074201598144e-16
   3.8193142330240253e-03
  -6.9965671441545785e-01
  -4.2153780466236412e-16
   4.6496624830842694e-03
  -6.9965671441545785e-01
  -4.2153780466236412e-16
   4.6496624830842694e-03
  -6.9965671441545785e-01
  -4.2153780466236412e-16
   4.6496624830842694e-03
  -6.9965671441545785e-01
  -4.2153780466236412e-16
   4.6496624830842694e-03
  -6.9965671441545785e-01
  -4.2153780466236412e-16
   4.6496624830842694e-03
  -6.9965671441545785e-01
  -4.2153780466236412e-16
   4.6496624830842694e-03
  -6.9965671441545785e-01
  -4.2153780466236412e-16
   4.6496624830842694e-03
  -6.9965671441545785e-01
  -4.2153780466236412e-16
   4.6496624830842694e-03
  -6.9965671441545785e-01
  -4.2153780466236412e-16
   4.6496624830842694e-03
  -6.9965671441545785e-01
  -4.2153780466236412e-16
   4.6496624830842694e-03
  -6.9965671441545785e-01
  -4.2153780466236412e-16
   4.6496624830842694e-03
  -6.9965671441545785e-01
  -4.2153780466236412e-16
   4.6496624830842694e-03
  -6.9965671441545785e-01
  -4.2153780466236412e-16
   4.6496624830842694e-03
  -6.9965671441545785e-01
  -4.2153780466236412e-16
   4.6496624830842694e-03
  -6.9965671441545785e-01
  -4.2153780466236412e-16
   4.6496624830842694e-03
  -6.9965671441545785e-01
  -4.2153780466236412e-16
   4.6496624830842694e-03
  -6.9965671441545785e-01
  -4.2153780466236412e-16
   4.6496624830842694e-03
  -6.9965671441545785e-01
  -4.2153780466236412e-16
   4.6496624830842694e-03
  -6.9965671441545785e-01
  -4.2153780466236412e-16
   4.6496624830842694e-03
  -6.9965671441545785e-01
  -4.2153780466236412e-16
   4.6496624830842694e-03
  -6.9965671441545785e-01
  -4.2153780466236412e-16
   4.6496624830842694e-03
  -6.9965671441545785e-01
  -4.2153780466236412e-16
   4.6496624830842694e-03
  -6.9965671441545785e-01
  -4.2153780466236412e-16
   4.6496624830842694e-03
  -6.9965671441545785e-01
  -4.2153780466236412e-16
   4.6496624830842694e-03
  -6.8953641488290573e-01
  -4.1893571944839891e-16
   5.4690454984489901e-03
  -6.8953641488290573e-01
  -4.1893571944839891e-16
   5.4690454984489901e-03
  -6.8953641488290573e-01
  -4.1893571944839891e-16
   5.4690454984489901e-03
  -6.8953641488290573e-01
  -4.1893571944839891e-16
   5.4690454984489901e-03
  -6.8953641488290573e-01
  -4.1893571944839891e-16
   5.4690454984489901e-03
  -6.8953641488290573e-01
  -4.1893571944839891e-16
   5.4690454984489901e-03
  -6.8953641488290573e-01
  -4.1893571944839891e-16
   5.4690454984489901e-03
  -6.8953641488290573e-01
  -4.1893571944839891e-16
   5.4690454984489901e-03
  -6.8953641488290573e-01
  -4.1893571944839891e-16
   5.4690454984489901e-03
  -6.8953641488290573e-01
  -4.1893571944839891e-16
   5.4690454984489901e-03
  -6.8953641488290573e-01
  -4.1893571944839891e-16
   5.4690454984489901e-03
  -6.8953641488290573e-01
  -4.1893571944839891e-16
   5.4690454984489901e-03
  -6.8953641488290573e-01
  -4.1893571944839891e-16
   5.4690454984489901e-03
  -6.8953641488290573e-01
  -4.1893571944839891e-16
   5.4690454984489901e-03
  -6.8953641488290573e-01
  -4.1893571944839891e-16
   5.4690454984489901e-03
  -6.8953641488290573e-01
  -4.1893571944839891e-16
   5.4690454984489901e-03
  -6.8953641488290573e-01
  -4.1893571944839891e-16
   5.4690454984489901e-03
  -6.8953641488290573e-01
  -4.1893571944839891e-16
   5.4690454984489901e-03
  -6.8953641488290573e-01
  -4.1893571944839891e-16
   5.4690454984489901e-03
  -6.8953641488290573e-01
  -4.1893571944839891e-16
   5.4690454984489901e-03
  -6.8953641488290573e-01
  -4.1893571944839891e-16
   5.4690454984489901e-03
  -6.8953641488290573e-01
  -4.1893571944839891e-16
   5.4690454984489901e-03
  -6.8953641488290573e-01
  -4.1893571944839891e-16
   5.4690454984489901e-03
  -6.8953641488290573e-01
  -4.1893571944839891e-16
   5.4690454984489901e-03
  -6.7778999116440131e-01
  -4.4235448637408581e-16
   6.2755309394911390e-03
  -6.7778999116440131e-01
  -4.4235448637408581e-16
   6.2755309394911390e-03
  -6.7778999116440131e-01
  -4.4235448637408581e-16
   6.2755309394911390e-03
  -6.7778999116440131e-01
  -4.4235448637408581e-16
   6.2755309394911390e-03
  -6.7778999116440131e-01
  -4.4235448637408581e-16
   6.2755309394911390e-03
  -6.7778999116440131e-01
  -4.4235448637408581e-16
   6.2755309394911390e-03
  -6.7778999116440131e-01
  -4.4235448637408581e-16
   6.2755309394911390e-03
  -6.7778999116440131e-01
  -4.4235448637408581e-16
   6.2755309394911390e-03
  -6.7778999116440131e-01
  -4.4235448637408581e-16
   6.2755309394911390e-03
  -6.7778999116440131e-01
  -4.4235448637408581e-16
   6.2755309394911390e-03
  -6.7778999116440131e-01
  -4.4235448637408581e-16
   6.2755309394911390e-03
  -6.7778999116440131e-01
  -4.4235448637408581e-16
   6.2755309394911390e-03
  -6.7778999116440131e-01
  -4.4235448637408581e-16
   6.2755309394911390e-03
  -6.7778999116440131e-01
  -4.4235448637408581e-16
   6.2755309394911390e-03
  -6.7778999116440131e-01
  -4.4235448637408581e-16
   6.2755309394911390e-03
  -6.7778999116440131e-01
  -4.4235448637408581e-16
   6.2755309394911390e-03
  -6.7778999116440131e-01
  -4.4235448637408581e-16
   6.2755309394911390e-03
  -6.7778999116440131e-01
  -4.4235448637408581e-16
   6.2755309394911390e-03
  -6.7778999116440131e-01
  -4.4235448637408581e-16
   6.2755309394911390e-03
  -6.7778999116440131e-01
  -4.4235448637408581e-16
   6.2755309394911390e-03
  -6.7778999116440131e-01
  -4.4235448637408581e-16
   6.2755309394911390e-03
  -6.7778999116440131e-01
  -4.4235448637408581e-16
   6.2755309394911390e-03
  -6.7778999116440131e-01
  -4.4235448637408581e-16
   6.2755309394911390e-03
  -6.7778999116440131e-01
  -4.4235448637408581e-16
   6.2755309394911390e-03
  -6.6444514468846128e-01
  -4.2934406030425976e-16
   7.0672168827544844e-03
  -6.6444514468846128e-01
  -4.2934406030425976e-16
   7.0672168827544844e-03
  -6.6444514468846128e-01
  -4.2934406030425976e-16
   7.0672168827544844e-03
  -6.6444514468846128e-01
  -4.2934406030425976e-16
   7.0672168827544844e-03
  -6.6444514468846128e-01
  -4.2934406030425976e-16
   7.0672168827544844e-03
  -6.6444514468846128e-01
  -4.2934406030425976e-16
   7.0672168827544844e-03
  -6.6444514468846128e-01
  -4.2934406030425976e-16
   7.0672168827544844e-03
  -6.6444514468846128e-01
  -4.2934406030425976e-16
   7.0672168827544844e-03
  -6.6444514468846128e-01
  -4.2934406030425976e-16
   7.0672168827544844e-03
  -6.6444514468846128e-01
  -4.2934406030425976e-16
   7.0672168827544844e-03
  -6.6444514468846128e-01
  -4.2934406030425976e-16
   7.0672168827544844e-03
  -6.6444514468846128e-01
  -4.2934406030425976e-16
   7.0672168827544844e-03
  -6.6444514468846128e-01
  -4.2934406030425976e-16
   7.0672168827544844e-03
  -6.6444514468846128e-01
  -4.2934406030425976e-16
   7.0672168827544844e-03
  -6.6444514468846128e-01
  -4.2934406030425976e-16
   7.0672168827544844e-03
  -6.6444514468846128e-01
  -4.2934406030425976e-16
   7.0672168827544844e-03
  -6.6444514468846128e-01
  -4.2934406030425976e-16
   7.0672168827544844e-03
  -6.6444514468846128e-01
  -4.2934406030425976e-16
   7.0672168827544844e-03
  -6.6444514468846128e-01
  -4.2934406030425976e-16
   7.0672168827544844e-03
  -6.6444514468846128e-01
  -4.2934406030425976e-16
   7.0672168827544844e-03
  -6.6444514468846128e-01
  -4.2934406030425976e-16
   7.0672168827544844e-03
  -6.6444514468846128e-01
  -4.2934406030425976e-16
   7.0672168827544844e-03
  -6.6444514468846128e-01
  -4.2934406030425976e-16
   7.0672168827544844e-03
  -6.6444514468846128e-01
  -4.2934406030425976e-16
   7.0672168827544844e-03
  -6.4953334642187488e-01
  -3.9031278209478160e-16
   7.8422363062339451e-03
  -6.4953334642187488e-01
  -3.9031278209478160e-16
   7.8422363062339451e-03
  -6.4953334642187488e-01
  -3.9031278209478160e-16
   7.8422363062339451e-03
  -6.4953334642187488e-01
  -3.9031278209478160e-16
   7.8422363062339451e-03
  -6.4953334642187488e-01
  -3.9031278209478160e-16
   7.8422363062339451e-03
  -6.4953334642187488e-01
  -3.9031278209478160e-16
   7.8422363062339451e-03
  -6.4953334642187488e-01
  -3.9031278209478160e-16
   7.8422363062339451e-03
  -6.4953334642187488e-01
  -3.9031278209478160e-16
   7.8422363062339451e-03
  -6.4953334642187488e-01
  -3.9031278209478160e-16
   7.8422363062339451e-03
  -6.4953334642187488e-01
  -3.9031278209478160e-16
   7.8422363062339451e-03
  -6.4953334642187488e-01
  -3.9031278209478160e-16
   7.8422363062339451e-03
  -6.4953334642187488e-01
  -3.9031278209478160e-16
   7.8422363062339451e-03
  -6.4953334642187488e-01
  -3.9031278209478160e-16
   7.8422363062339451e-03
  -6.4953334642187488e-01
  -3.9031278209478160e-16
   7.8422363062339451e-03
  -6.4953334642187488e-01
  -3.9031278209478160e-16
   7.8422363062339451e-03
  -6.4953334642187488e-01
  -3.9031278209478160e-16
   7.8422363062339451e-03
  -6.4953334642187488e-01
  -3.9031278209478160e-16
   7.8422363062339451e-03
  -6.4953334642187488e-01
  -3.9031278209478160e-16
   7.8422363062339451e-03
  -6.4953334642187488e-01
  -3.9031278209478160e-16
   7.8422363062339451e-03
  -6.4953334642187488e-01
  -3.9031278209478160e-16
   7.8422363062339451e-03
  -6.4953334642187488e-01
  -3.9031278209478160e-16
   7.8422363062339451e-03
  -6.4953334642187488e-01
  -3.9031278209478160e-16
   7.8422363062339451e-03
  -6.4953334642187488e-01
  -3.9031278209478160e-16
   7.8422363062339451e-03
  -6.4953334642187488e-01
  -3.9031278209478160e-16
   7.8422363062339451e-03
  -6.3308976265215589e-01
  -4.2413988987632933e-16
   8.5987614923471178e-03
  -6.3308976265215589e-01
  -4.2413988987632933e-16
   8.5987614923471178e-03
  -6.3308976265215589e-01
  -4.2413988987632933e-16
   8.5987614923471178e-03
  -6.3308976265215589e-01
  -4.2413988987632933e-16
   8.5987614923471178e-03
  -6.3308976265215589e-01
  -4.2413988987632933e-16
   8.5987614923471178e-03
  -6.3308976265215589e-01
  -4.2413988987632933e-16
   8.5987614923471178e-03
  -6.3308976265215589e-01
  -4.2413988987632933e-16
   8.5987614923471178e-03
  -6.3308976265215589e-01
  -4.2413988987632933e-16
   8.5987614923471178e-03
  -6.3308976265215589e-01
  -4.2413988987632933e-16
   8.5987614923471178e-03
  -6.3308976265215589e-01
  -4.2413988987632933e-16
   8.5987614923471178e-03
  -6.3308976265215589e-01
  -4.2413988987632933e-16
   8.5987614923471178e-03
  -6.3308976265215589e-01
  -4.2413988987632933e-16
   8.5987614923471178e-03
  -6.3308976265215589e-01
  -4.2413988987632933e-16
   8.5987614923471178e-03
  -6.3308976265215589e-01
  -4.2413988987632933e-16
   8.5987614923471178e-03
  -6.3308976265215589e-01
  -4.2413988987632933e-16
   8.5987614923471178e-03
  -6.3308976265215589e-01
  -4.2413988987632933e-16
   8.5987614923471178e-03
  -6.3308976265215589e-01
  -4.2413988987632933e-16
   8.5987614923471178e-03
  -6.3308976265215589e-01
  -4.2413988987632933e-16
   8.5987614923471178e-03
  -6.3308976265215589e-01
  -4.2413988987632933e-16
   8.5987614923471178e-03
  -6.3308976265215589e-01
  -4.2413988987632933e-16
   8.5987614923471178e-03
  -6.3308976265215589e-01
  -4.2413988987632933e-16
   8.5987614923471178e-03
  -6.3308976265215589e-01
  -4.2413988987632933e-16
   8.5987614923471178e-03
  -6.3308976265215589e-01
  -4.2413988987632933e-16
   8.5987614923471178e-03
  -6.3308976265215589e-01
  -4.2413988987632933e-16
   8.5987614923471178e-03
  -6.1515317205537545e-01
  -3.2005648131772091e-16
   9.3350083382158465e-03
  -6.1515317205537545e-01
  -3.2005648131772091e-16
   9.3350083382158465e-03
  -6.1515317205537545e-01
  -3.2005648131772091e-16
   9.3350083382158465e-03
  -6.1515317205537545e-01
  -3.2005648131772091e-16
   9.3350083382158465e-03
  -6.1515317205537545e-01
  -3.2005648131772091e-16
   9.3350083382158465e-03
  -6.1515317205537545e-01
  -3.2005648131772091e-16
   9.3350083382158465e-03
  -6.1515317205537545e-01
  -3.2005648131772091e-16
   9.3350083382158465e-03
  -6.1515317205537545e-01
  -3.2005648131772091e-16
   9.3350083382158465e-03
  -6.1515317205537545e-01
  -3.2005648131772091e-16
   9.3350083382158465e-03
  -6.1515317205537545e-01
  -3.2005648131772091e-16
   9.3350083382158465e-03
  -6.1515317205537545e-01
  -3.2005648131772091e-16
   9.3350083382158465e-03
  -6.1515317205537545e-01
  -3.2005648131772091e-16
   9.3350083382158465e-03
  -6.1515317205537545e-01
  -3.2005648131772091e-16
   9.3350083382158465e-03
  -6.1515317205537545e-01
  -3.2005648131772091e-16
   9.3350083382158465e-03
  -6.1515317205537545e-01
  -3.2005648131772091e-16
   9.3350083382158465e-03
  -6.1515317205537545e-01
  -3.2005648131772091e-16
   9.3350083382158465e-03
  -6.1515317205537545e-01
  -3.2005648131772091e-16
   9.3350083382158465e-03
  -6.1515317205537545e-01
  -3.2005648131772091e-16
   9.3350083382158465e-03
  -6.1515317205537545e-01
  -3.2005648131772091e-16
   9.3350083382158465e-03
  -6.1515317205537545e-01
  -3.2005648131772091e-16
   9.3350083382158465e-03
  -6.1515317205537545e-01
  -3.2005648131772091e-16
   9.3350083382158465e-03
  -6.1515317205537545e-01
  -3.2005648131772091e-16
   9.3350083382158465e-03
  -6.1515317205537545e-01
  -3.2005648131772091e-16
   9.3350083382158465e-03
  -6.1515317205537545e-01
  -3.2005648131772091e-16
   9.3350083382158465e-03
  -5.9576587424494531e-01
  -4.0332320816460765e-16
   1.0049240563091078e-02
  -5.9576587424494531e-01
  -4.0332320816460765e-16
   1.0049240563091078e-02
  -5.9576587424494531e-01
  -4.0332320816460765e-16
   1.0049240563091078e-02
  -5.9576587424494531e-01
  -4.0332320816460765e-16
   1.0049240563091078e-02
  -5.9576587424494531e-01
  -4.0332320816460765e-16
   1.0049240563091078e-02
  -5.9576587424494531e-01
  -4.0332320816460765e-16
   1.0049240563091078e-02
  -5.9576587424494531e-01
  -4.0332320816460765e-16
   1.0049240563091078e-02
  -5.9576587424494531e-01
  -4.0332320816460765e-16
   1.0049240563091078e-02
  -5.9576587424494531e-01
  -4.0332320816460765e-16
   1.0049240563091078e-02
  -5.9576587424494531e-01
  -4.0332320816460765e-16
   1.0049240563091078e-02
  -5.9576587424494531e-01
  -4.0332320816460765e-16
   1.0049240563091078e-02
  -5.9576587424494531e-01
  -4.0332320816460765e-16
   1.0049240563091078e-02
  -5.9576587424494531e-01
  -4.0332320816460765e-16
   1.0049240563091078e-02
  -5.9576587424494531e-01
  -4.0332320816460765e-16
   1.0049240563091078e-02
  -5.9576587424494531e-01
  -4.0332320816460765e-16
   1.0049240563091078e-02
  -5.9576587424494531e-01
  -4.0332320816460765e-16
   1.0049240563091078e-02
  -5.9576587424494531e-01
  -4.0332320816460765e-16
   1.0049240563091078e-02
  -5.9576587424494531e-01
  -4.0332320816460765e-16
   1.0049240563091078e-02
  -5.9576587424494531e-01
  -4.0332320816460765e-16
   1.0049240563091078e-02
  -5.9576587424494531e-01
  -4.0332320816460765e-16
   1.0049240563091078e-02
  -5.9576587424494531e-01
  -4.0332320816460765e-16
   1.0049240563091078e-02
  -5.9576587424494531e-01
  -4.0332320816460765e-16
   1.0049240563091078e-02
  -5.9576587424494531e-01
  -4.0332320816460765e-16
   1.0049240563091078e-02
  -5.9576587424494531e-01
  -4.0332320816460765e-16
   1.0049240563091078e-02
  -5.7497359001702553e-01
  -3.2786273695961654e-16
   1.0739773802999911e-02
  -5.7497359001702553e-01
  -3.2786273695961654e-16
   1.0739773802999911e-02
  -5.7497359001702553e-01
  -3.2786273695961654e-16
   1.0739773802999911e-02
  -5.7497359001702553e-01
  -3.2786273695961654e-16
   1.0739773802999911e-02
  -5.7497359001702553e-01
  -3.2786273695961654e-16
   1.0739773802999911e-02
  -5.7497359001702553e-01
  -3.2786273695961654e-16
   1.0739773802999911e-02
  -5.7497359001702553e-01
  -3.2786273695961654e-16
   1.0739773802999911e-02
  -5.7497359001702553e-01
  -3.2786273695961654e-16
   1.0739773802999911e-02
  -5.7497359001702553e-01
  -3.2786273695961654e-16
   1.0739773802999911e-02
  -5.7497359001702553e-01
  -3.2786273695961654e-16
   1.0739773802999911e-02
  -5.7497359001702553e-01
  -3.2786273695961654e-16
   1.0739773802999911e-02
  -5.7497359001702553e-01
  -3.2786273695961654e-16
   1.0739773802999911e-02
  -5.7497359001702553e-01
  -3.2786273695961654e-16
   1.0739773802999911e-02
  -5.7497359001702553e-01
  -3.2786273695961654e-16
   1.0739773802999911e-02
  -5.7497359001702553e-01
  -3.2786273695961654e-16
   1.0739773802999911e-02
  -5.7497359001702553e-01
  -3.2786273695961654e-16
   1.0739773802999911e-02
  -5.7497359001702553e-01
  -3.2786273695961654e-16
   1.0739773802999911e-02
  -5.7497359001702553e-01
  -3.2786273695961654e-16
   1.0739773802999911e-02
  -5.7497359001702553e-01
  -3.2786273695961654e-16
   1.0739773802999911e-02
  -5.7497359001702553e-01
  -3.2786273695961654e-16
   1.0739773802999911e-02
  -5.7497359001702553e-01
  -3.2786273695961654e-16
   1.0739773802999911e-02
  -5.7497359001702553e-01
  -3.2786273695961654e-16
   1.0739773802999911e-02
  -5.7497359001702553e-01
  -3.2786273695961654e-16
   1.0739773802999911e-02
  -5.7497359001702553e-01
  -3.2786273695961654e-16
   1.0739773802999911e-02
  -5.5282535352780349e-01
  -3.4087316302944259e-16
   1.1404979582957681e-02
  -5.5282535352780349e-01
  -3.4087316302944259e-16
   1.1404979582957681e-02
  -5.5282535352780349e-01
  -3.4087316302944259e-16
   1.1404979582957681e-02
  -5.5282535352780349e-01
  -3.4087316302944259e-16
   1.1404979582957681e-02
  -5.5282535352780349e-01
  -3.4087316302944259e-16
   1.1404979582957681e-02
  -5.5282535352780349e-01
  -3.4087316302944259e-16
   1.1404979582957681e-02
  -5.5282535352780349e-01
  -3.4087316302944259e-16
   1.1404979582957681e-02
  -5.5282535352780349e-01
  -3.4087316302944259e-16
   1.1404979582957681e-02
  -5.5282535352780349e-01
  -3.4087316302944259e-16
   1.1404979582957681e-02
  -5.5282535352780349e-01
  -3.4087316302944259e-16
   1.1404979582957681e-02
  -5.5282535352780349e-01
  -3.4087316302944259e-16
   1.1404979582957681e-02
  -5.5282535352780349e-01
  -3.4087316302944259e-16
   1.1404979582957681e-02
  -5.5282535352780349e-01
  -3.4087316302944259e-16
   1.1404979582957681e-02
  -5.5282535352780349e-01
  -3.4087316302944259e-16
   1.1404979582957681e-02
  -5.5282535352780349e-01
  -3.4087316302944259e-16
   1.1404979582957681e-02
  -5.5282535352780349e-01
  -3.4087316302944259e-16
   1.1404979582957681e-02
  -5.5282535352780349e-01
  -3.4087316302944259e-16
   1.1404979582957681e-02
  -5.5282535352780349e-01
  -3.4087316302944259e-16
   1.1404979582957681e-02
  -5.5282535352780349e-01
  -3.4087316302944259e-16
   1.1404979582957681e-02
  -5.5282535352780349e-01
  -3.4087316302944259e-16
   1.1404979582957681e-02
  -5.5282535352780349e-01
  -3.4087316302944259e-16
   1.1404979582957681e-02
  -5.5282535352780349e-01
  -3.4087316302944259e-16
   1.1404979582957681e-02
  -5.5282535352780349e-01
  -3.4087316302944259e-16
   1.1404979582957681e-02
  -5.5282535352780349e-01
  -3.4087316302944259e-16
   1.1404979582957681e-02
  -5.2937339665692140e-01
  -3.1225022567582528e-16
   1.2043289157378154e-02
  -5.2937339665692140e-01
  -3.1225022567582528e-16
   1.2043289157378154e-02
  -5.2937339665692140e-01
  -3.1225022567582528e-16
   1.2043289157378154e-02
  -5.2937339665692140e-01
  -3.1225022567582528e-16
   1.2043289157378154e-02
  -5.2937339665692140e-01
  -3.1225022567582528e-16
   1.2043289157378154e-02
  -5.2937339665692140e-01
  -3.1225022567582528e-16
   1.2043289157378154e-02
  -5.2937339665692140e-01
  -3.1225022567582528e-16
   1.2043289157378154e-02
  -5.2937339665692140e-01
  -3.1225022567582528e-16
   1.2043289157378154e-02
  -5.2937339665692140e-01
  -3.1225022567582528e-16
   1.2043289157378154e-02
  -5.2937339665692140e-01
  -3.1225022567582528e-16
   1.2043289157378154e-02
  -5.2937339665692140e-01
  -3.1225022567582528e-16
   1.2043289157378154e-02
  -5.2937339665692140e-01
  -3.1225022567582528e-16
   1.2043289157378154e-02
  -5.2937339665692140e-01
  -3.1225022567582528e-16
   1.2043289157378154e-02
  -5.2937339665692140e-01
  -3.1225022567582528e-16
   1.2043289157378154e-02
  -5.2937339665692140e-01
  -3.1225022567582528e-16
   1.2043289157378154e-02
  -5.2937339665692140e-01
  -3.1225022567582528e-16
   1.2043289157378154e-02
  -5.2937339665692140e-01
  -3.1225022567582528e-16
   1.2043289157378154e-02
  -5.2937339665692140e-01
  -3.1225022567582528e-16
   1.2043289157378154e-02
  -5.2937339665692140e-01
  -3.1225022567582528e-16
   1.2043289157378154e-02
  -5.2937339665692140e-01
  -3.1225022567582528e-16
   1.2043289157378154e-02
  -5.2937339665692140e-01
  -3.1225022567582528e-16
   1.2043289157378154e-02
  -5.2937339665692140e-01
  -3.1225022567582528e-16
   1.2043289157378154e-02
  -5.2937339665692140e-01
  -3.1225022567582528e-16
   1.2043289157378154e-02
  -5.2937339665692140e-01
  -3.1225022567582528e-16
   1.2043289157378154e-02
  -5.0467302582975859e-01
  -2.8362728832220796e-16
   1.2653197209624463e-02
  -5.0467302582975859e-01
  -2.8362728832220796e-16
   1.2653197209624463e-02
  -5.0467302582975859e-01
  -2.8362728832220796e-16
   1.2653197209624463e-02
  -5.0467302582975859e-01
  -2.8362728832220796e-16
   1.2653197209624463e-02
  -5.0467302582975859e-01
  -2.8362728832220796e-16
   1.2653197209624463e-02
  -5.0467302582975859e-01
  -2.8362728832220796e-16
   1.2653197209624463e-02
  -5.0467302582975859e-01
  -2.8362728832220796e-16
   1.2653197209624463e-02
  -5.0467302582975859e-01
  -2.8362728832220796e-16
   1.2653197209624463e-02
  -5.0467302582975859e-01
  -2.8362728832220796e-16
   1.2653197209624463e-02
  -5.0467302582975859e-01
  -2.8362728832220796e-16
   1.2653197209624463e-02
  -5.0467302582975859e-01
  -2.8362728832220796e-16
   1.2653197209624463e-02
  -5.0467302582975859e-01
  -2.8362728832220796e-16
   1.2653197209624463e-02
  -5.0467302582975859e-01
  -2.8362728832220796e-16
   1.2653197209624463e-02
  -5.0467302582975859e-01
  -2.8362728832220796e-16
   1.2653197209624463e-02
  -5.0467302582975859e-01
  -2.8362728832220796e-16
   1.2653197209624463e-02
  -5.0467302582975859e-01
  -2.8362728832220796e-16
   1.2653197209624463e-02
  -5.0467302582975859e-01
  -2.8362728832220796e-16
   1.2653197209624463e-02
  -5.0467302582975859e-01
  -2.8362728832220796e-16
   1.2653197209624463e-02
  -5.0467302582975859e-01
  -2.8362728832220796e-16
   1.2653197209624463e-02
  -5.0467302582975859e-01
  -2.8362728832220796e-16
   1.2653197209624463e-02
  -5.0467302582975859e-01
  -2.8362728832220796e-16
   1.2653197209624463e-02
  -5.0467302582975859e-01
  -2.8362728832220796e-16
   1.2653197209624463e-02
  -5.0467302582975859e-01
  -2.8362728832220796e-16
   1.2653197209624463e-02
  -5.0467302582975859e-01
  -2.8362728832220796e-16
   1.2653197209624463e-02
  -4.7878249158905223e-01
  -2.3288662664988635e-16
   1.3233265401976358e-02
  -4.7878249158905223e-01
  -2.3288662664988635e-16
   1.3233265401976358e-02
  -4.7878249158905223e-01
  -2.3288662664988635e-16
   1.3233265401976358e-02
  -4.7878249158905223e-01
  -2.3288662664988635e-16
   1.3233265401976358e-02
  -4.7878249158905223e-01
  -2.3288662664988635e-16
   1.3233265401976358e-02
  -4.7878249158905223e-01
  -2.3288662664988635e-16
   1.3233265401976358e-02
  -4.7878249158905223e-01
  -2.3288662664988635e-16
   1.3233265401976358e-02
  -4.7878249158905223e-01
  -2.3288662664988635e-16
   1.3233265401976358e-02
  -4.7878249158905223e-01
  -2.3288662664988635e-16
   1.3233265401976358e-02
  -4.7878249158905223e-01
  -2.3288662664988635e-16
   1.3233265401976358e-02
  -4.7878249158905223e-01
  -2.3288662664988635e-16
   1.3233265401976358e-02
  -4.7878249158905223e-01
  -2.3288662664988635e-16
   1.3233265401976358e-02
  -4.7878249158905223e-01
  -2.3288662664988635e-16
   1.3233265401976358e-02
  -4.7878249158905223e-01
  -2.3288662664988635e-16
   1.3233265401976358e-02
  -4.7878249158905223e-01
  -2.3288662664988635e-16
   1.3233265401976358e-02
  -4.7878249158905223e-01
  -2.3288662664988635e-16
   1.3233265401976358e-02
  -4.7878249158905223e-01
  -2.3288662664988635e-16
   1.3233265401976358e-02
  -4.7878249158905223e-01
  -2.3288662664988635e-16
   1.3233265401976358e-02
  -4.7878249158905223e-01
  -2.3288662664988635e-16
   1.3233265401976358e-02
  -4.7878249158905223e-01
  -2.3288662664988635e-16
   1.3233265401976358e-02
  -4.7878249158905223e-01
  -2.3288662664988635e-16
   1.3233265401976358e-02
  -4.7878249158905223e-01
  -2.3288662664988635e-16
   1.3233265401976358e-02
  -4.7878249158905223e-01
  -2.3288662664988635e-16
   1.3233265401976358e-02
  -4.7878249158905223e-01
  -2.3288662664988635e-16
   1.3233265401976358e-02
  -4.5176285122344884e-01
  -2.7972416050126014e-16
   1.3782125767642261e-02
  -4.5176285122344884e-01
  -2.7972416050126014e-16
   1.3782125767642261e-02
  -4.5176285122344884e-01
  -2.7972416050126014e-16
   1.3782125767642261e-02
  -4.5176285122344884e-01
  -2.7972416050126014e-16
   1.3782125767642261e-02
  -4.5176285122344884e-01
  -2.7972416050126014e-16
   1.3782125767642261e-02
  -4.5176285122344884e-01
  -2.7972416050126014e-16
   1.3782125767642261e-02
  -4.5176285122344884e-01
  -2.7972416050126014e-16
   1.3782125767642261e-02
  -4.5176285122344884e-01
  -2.7972416050126014e-16
   1.3782125767642261e-02
  -4.5176285122344884e-01
  -2.7972416050126014e-16
   1.3782125767642261e-02
  -4.5176285122344884e-01
  -2.7972416050126014e-16
   1.3782125767642261e-02
  -4.5176285122344884e-01
  -2.7972416050126014e-16
   1.3782125767642261e-02
  -4.5176285122344884e-01
  -2.7972416050126014e-16
   1.3782125767642261e-02
  -4.5176285122344884e-01
  -2.7972416050126014e-16
   1.3782125767642261e-02
  -4.5176285122344884e-01
  -2.7972416050126014e-16
   1.3782125767642261e-02
  -4.5176285122344884e-01
  -2.7972416050126014e-16
   1.3782125767642261e-02
  -4.5176285122344884e-01
  -2.7972416050126014e-16
   1.3782125767642261e-02
  -4.5176285122344884e-01
  -2.7972416050126014e-16
   1.3782125767642261e-02
  -4.5176285122344884e-01
  -2.7972416050126014e-16
   1.3782125767642261e-02
  -4.5176285122344884e-01
  -2.7972416050126014e-16
   1.3782125767642261e-02
  -4.5176285122344884e-01
  -2.7972416050126014e-16
   1.3782125767642261e-02
  -4.5176285122344884e-01
  -2.7972416050126014e-16
   1.3782125767642261e-02
  -4.5176285122344884e-01
  -2.7972416050126014e-16
   1.3782125767642261e-02
  -4.5176285122344884e-01
  -2.7972416050126014e-16
   1.3782125767642261e-02
  -4.5176285122344884e-01
  -2.7972416050126014e-16
   1.3782125767642261e-02
  -4.2367782477694604e-01
  -2.6801477703841670e-16
   1.4298483936816712e-02
  -4.2367782477694604e-01
  -2.6801477703841670e-16
   1.4298483936816712e-02
  -4.2367782477694604e-01
  -2.6801477703841670e-16
   1.4298483936816712e-02
  -4.2367782477694604e-01
  -2.6801477703841670e-16
   1.4298483936816712e-02
  -4.2367782477694604e-01
  -2.6801477703841670e-16
   1.4298483936816712e-02
  -4.2367782477694604e-01
  -2.6801477703841670e-16
   1.4298483936816712e-02
  -4.2367782477694604e-01
  -2.6801477703841670e-16
   1.4298483936816712e-02
  -4.2367782477694604e-01
  -2.6801477703841670e-16
   1.4298483936816712e-02
  -4.2367782477694604e-01
  -2.6801477703841670e-16
   1.4298483936816712e-02
  -4.2367782477694604e-01
  -2.6801477703841670e-16
   1.4298483936816712e-02
  -4.2367782477694604e-01
  -2.6801477703841670e-16
   1.4298483936816712e-02
  -4.2367782477694604e-01
  -2.6801477703841670e-16
   1.4298483936816712e-02
  -4.2367782477694604e-01
  -2.6801477703841670e-16
   1.4298483936816712e-02
  -4.2367782477694604e-01
  -2.6801477703841670e-16
   1.4298483936816712e-02
  -4.2367782477694604e-01
  -2.6801477703841670e-16
   1.4298483936816712e-02
  -4.2367782477694604e-01
  -2.6801477703841670e-16
   1.4298483936816712e-02
  -4.2367782477694604e-01
  -2.6801477703841670e-16
   1.4298483936816712e-02
  -4.2367782477694604e-01
  -2.6801477703841670e-16
   1.4298483936816712e-02
  -4.2367782477694604e-01
  -2.6801477703841670e-16
   1.4298483936816712e-02
  -4.2367782477694604e-01
  -2.6801477703841670e-16
   1.4298483936816712e-02
  -4.2367782477694604e-01
  -2.6801477703841670e-16
   1.4298483936816712e-02
  -4.2367782477694604e-01
  -2.6801477703841670e-16
   1.4298483936816712e-02
  -4.2367782477694604e-01
  -2.6801477703841670e-16
   1.4298483936816712e-02
  -4.2367782477694604e-01
  -2.6801477703841670e-16
   1.4298483936816712e-02
  -3.9459364477879422e-01
  -1.7824283715661693e-16
   1.4781122189174135e-02
  -3.9459364477879422e-01
  -1.7824283715661693e-16
   1.4781122189174135e-02
  -3.9459364477879422e-01
  -1.7824283715661693e-16
   1.4781122189174135e-02
  -3.9459364477879422e-01
  -1.7824283715661693e-16
   1.4781122189174135e-02
  -3.9459364477879422e-01
  -1.7824283715661693e-16
   1.4781122189174135e-02
  -3.9459364477879422e-01
  -1.7824283715661693e-16
   1.4781122189174135e-02
  -3.9459364477879422e-01
  -1.7824283715661693e-16
   1.4781122189174135e-02
  -3.9459364477879422e-01
  -1.7824283715661693e-16
   1.4781122189174135e-02
  -3.9459364477879422e-01
  -1.7824283715661693e-16
   1.4781122189174135e-02
  -3.9459364477879422e-01
  -1.7824283715661693e-16
   1.4781122189174135e-02
  -3.9459364477879422e-01
  -1.7824283715661693e-16
   1.4781122189174135e-02
  -3.9459364477879422e-01
  -1.7824283715661693e-16
   1.4781122189174135e-02
  -3.9459364477879422e-01
  -1.7824283715661693e-16
   1.4781122189174135e-02
  -3.9459364477879422e-01
  -1.7824283715661693e-16
   1.4781122189174135e-02
  -3.9459364477879422e-01
  -1.7824283715661693e-16
   1.4781122189174135e-02
  -3.9459364477879422e-01
  -1.7824283715661693e-16
   1.4781122189174135e-02
  -3.9459364477879422e-01
  -1.7824283715661693e-16
   1.4781122189174135e-02
  -3.9459364477879422e-01
  -1.7824283715661693e-16
   1.4781122189174135e-02
  -3.9459364477879422e-01
  -1.7824283715661693e-16
   1.4781122189174135e-02
  -3.9459364477879422e-01
  -1.7824283715661693e-16
   1.4781122189174135e-02
  -3.9459364477879422e-01
  -1.7824283715661693e-16
   1.4781122189174135e-02
  -3.9459364477879422e-01
  -1.7824283715661693e-16
   1.4781122189174135e-02
  -3.9459364477879422e-01
  -1.7824283715661693e-16
   1.4781122189174135e-02
  -3.9459364477879422e-01
  -1.7824283715661693e-16
   1.4781122189174135e-02
  -3.6457890004823895e-01
  -2.2508037100799072e-16
   1.5228902325602398e-02
  -3.6457890004823895e-01
  -2.2508037100799072e-16
   1.5228902325602398e-02
  -3.6457890004823895e-01
  -2.2508037100799072e-16
   1.5228902325602398e-02
  -3.6457890004823895e-01
  -2.2508037100799072e-16
   1.5228902325602398e-02
  -3.6457890004823895e-01
  -2.2508037100799072e-16
   1.5228902325602398e-02
  -3.6457890004823895e-01
  -2.2508037100799072e-16
   1.5228902325602398e-02
  -3.6457890004823895e-01
  -2.2508037100799072e-16
   1.5228902325602398e-02
  -3.6457890004823895e-01
  -2.2508037100799072e-16
   1.5228902325602398e-02
  -3.6457890004823895e-01
  -2.2508037100799072e-16
   1.5228902325602398e-02
  -3.6457890004823895e-01
  -2.2508037100799072e-16
   1.5228902325602398e-02
  -3.6457890004823895e-01
  -2.2508037100799072e-16
   1.5228902325602398e-02
  -3.6457890004823895e-01
  -2.2508037100799072e-16
   1.5228902325602398e-02
  -3.6457890004823895e-01
  -2.2508037100799072e-16
   1.5228902325602398e-02
  -3.6457890004823895e-01
  -2.2508037100799072e-16
   1.5228902325602398e-02
  -3.6457890004823895e-01
  -2.2508037100799072e-16
   1.5228902325602398e-02
  -3.6457890004823895e-01
  -2.2508037100799072e-16
   1.5228902325602398e-02
  -3.6457890004823895e-01
  -2.2508037100799072e-16
   1.5228902325602398e-02
  -3.6457890004823895e-01
  -2.2508037100799072e-16
   1.5228902325602398e-02
  -3.6457890004823895e-01
  -2.2508037100799072e-16
   1.5228902325602398e-02
  -3.6457890004823895e-01
  -2.2508037100799072e-16
   1.5228902325602398e-02
  -3.6457890004823895e-01
  -2.2508037100799072e-16
   1.5228902325602398e-02
  -3.6457890004823895e-01
  -2.2508037100799072e-16
   1.5228902325602398e-02
  -3.6457890004823895e-01
  -2.2508037100799072e-16
   1.5228902325602398e-02
  -3.6457890004823895e-01
  -2.2508037100799072e-16
   1.5228902325602398e-02
  -3.3370437394245750e-01
  -2.0556473190325164e-16
   1.5640768352402044e-02
  -3.3370437394245750e-01
  -2.0556473190325164e-16
   1.5640768352402044e-02
  -3.3370437394245750e-01
  -2.0556473190325164e-16
   1.5640768352402044e-02
  -3.3370437394245750e-01
  -2.0556473190325164e-16
   1.5640768352402044e-02
  -3.3370437394245750e-01
  -2.0556473190325164e-16
   1.5640768352402044e-02
  -3.3370437394245750e-01
  -2.0556473190325164e-16
   1.5640768352402044e-02
  -3.3370437394245750e-01
  -2.0556473190325164e-16
   1.5640768352402044e-02
  -3.3370437394245750e-01
  -2.0556473190325164e-16
   1.5640768352402044e-02
  -3.3370437394245750e-01
  -2.0556473190325164e-16
   1.5640768352402044e-02
  -3.3370437394245750e-01
  -2.0556473190325164e-16
   1.5640768352402044e-02
  -3.3370437394245750e-01
  -2.0556473190325164e-16
   1.5640768352402044e-02
  -3.3370437394245750e-01
  -2.0556473190325164e-16
   1.5640768352402044e-02
  -3.3370437394245750e-01
  -2.0556473190325164e-16
   1.5640768352402044e-02
  -3.3370437394245750e-01
  -2.0556473190325164e-16
   1.5640768352402044e-02
  -3.3370437394245750e-01
  -2.0556473190325164e-16
   1.5640768352402044e-02
  -3.3370437394245750e-01
  -2.0556473190325164e-16
   1.5640768352402044e-02
  -3.3370437394245750e-01
  -2.0556473190325164e-16
   1.5640768352402044e-02
  -3.3370437394245750e-01
  -2.0556473190325164e-16
   1.5640768352402044e-02
  -3.3370437394245750e-01
  -2.0556473190325164e-16
   1.5640768352402044e-02
  -3.3370437394245750e-01
  -2.0556473190325164e-16
   1.5640768352402044e-02
  -3.3370437394245750e-01
  -2.0556473190325164e-16
   1.5640768352402044e-02
  -3.3370437394245750e-01
  -2.0556473190325164e-16
   1.5640768352402044e-02
  -3.3370437394245750e-01
  -2.0556473190325164e-16
   1.5640768352402044e-02
  -3.3370437394245750e-01
  -2.0556473190325164e-16
   1.5640768352402044e-02
  -3.0204287742914770e-01
  -1.4311468676808659e-16
   1.6015748971620714e-02
  -3.0204287742914770e-01
  -1.4311468676808659e-16
   1.6015748971620714e-02
  -3.0204287742914770e-01
  -1.4311468676808659e-16
   1.6015748971620714e-02
  -3.0204287742914770e-01
  -1.4311468676808659e-16
   1.6015748971620714e-02
  -3.0204287742914770e-01
  -1.4311468676808659e-16
   1.6015748971620714e-02
  -3.0204287742914770e-01
  -1.4311468676808659e-16
   1.6015748971620714e-02
  -3.0204287742914770e-01
  -1.4311468676808659e-16
   1.6015748971620714e-02
  -3.0204287742914770e-01
  -1.4311468676808659e-16
   1.6015748971620714e-02
  -3.0204287742914770e-01
  -1.4311468676808659e-16
   1.6015748971620714e-02
  -3.0204287742914770e-01
  -1.4311468676808659e-16
   1.6015748971620714e-02
  -3.0204287742914770e-01
  -1.4311468676808659e-16
   1.6015748971620714e-02
  -3.0204287742914770e-01
  -1.4311468676808659e-16
   1.6015748971620714e-02
  -3.0204287742914770e-01
  -1.4311468676808659e-16
   1.6015748971620714e-02
  -3.0204287742914770e-01
  -1.4311468676808659e-16
   1.6015748971620714e-02
  -3.0204287742914770e-01
  -1.4311468676808659e-16
   1.6015748971620714e-02
  -3.0204287742914770e-01
  -1.4311468676808659e-16
   1.6015748971620714e-02
  -3.0204287742914770e-01
  -1.4311468676808659e-16
   1.6015748971620714e-02
  -3.0204287742914770e-01
  -1.4311468676808659e-16
   1.6015748971620714e-02
  -3.0204287742914770e-01
  -1.4311468676808659e-16
   1.6015748971620714e-02
  -3.0204287742914770e-01
  -1.4311468676808659e-16
   1.6015748971620714e-02
  -3.0204287742914770e-01
  -1.4311468676808659e-16
   1.6015748971620714e-02
  -3.0204287742914770e-01
  -1.4311468676808659e-16
   1.6015748971620714e-02
  -3.0204287742914770e-01
  -1.4311468676808659e-16
   1.6015748971620714e-02
  -3.0204287742914770e-01
  -1.4311468676808659e-16
   1.6015748971620714e-02
  -2.6966907737742979e-01
  -8.0664641632921530e-17
   1.6352959871652983e-02
  -2.6966907737742979e-01
  -8.0664641632921530e-17
   1.6352959871652983e-02
  -2.6966907737742979e-01
  -8.0664641632921530e-17
   1.6352959871652983e-02
  -2.6966907737742979e-01
  -8.0664641632921530e-17
   1.6352959871652983e-02
  -2.6966907737742979e-01
  -8.0664641632921530e-17
   1.6352959871652983e-02
  -2.6966907737742979e-01
  -8.0664641632921530e-17
   1.6352959871652983e-02
  -2.6966907737742979e-01
  -8.0664641632921530e-17
   1.6352959871652983e-02
  -2.6966907737742979e-01
  -8.0664641632921530e-17
   1.6352959871652983e-02
  -2.6966907737742979e-01
  -8.0664641632921530e-17
   1.6352959871652983e-02
  -2.6966907737742979e-01
  -8.0664641632921530e-17
   1.6352959871652983e-02
  -2.6966907737742979e-01
  -8.0664641632921530e-17
   1.6352959871652983e-02
  -2.6966907737742979e-01
  -8.0664641632921530e-17
   1.6352959871652983e-02
  -2.6966907737742979e-01
  -8.0664641632921530e-17
   1.6352959871652983e-02
  -2.6966907737742979e-01
  -8.0664641632921530e-17
   1.6352959871652983e-02
  -2.6966907737742979e-01
  -8.0664641632921530e-17
   1.6352959871652983e-02
  -2.6966907737742979e-01
  -8.0664641632921530e-17
   1.6352959871652983e-02
  -2.6966907737742979e-01
  -8.0664641632921530e-17
   1.6352959871652983e-02
  -2.6966907737742979e-01
  -8.0664641632921530e-17
   1.6352959871652983e-02
  -2.6966907737742979e-01
  -8.0664641632921530e-17
   1.6352959871652983e-02
  -2.6966907737742979e-01
  -8.0664641632921530e-17
   1.6352959871652983e-02
  -2.6966907737742979e-01
  -8.0664641632921530e-17
   1.6352959871652983e-02
  -2.6966907737742979e-01
  -8.0664641632921530e-17
   1.6352959871652983e-02
  -2.6966907737742979e-01
  -8.0664641632921530e-17
   1.6352959871652983e-02
  -2.6966907737742979e-01
  -8.0664641632921530e-17
   1.6352959871652983e-02
  -2.3665932047200239e-01
  -1.5547459153442134e-16
   1.6651605812699685e-02
  -2.3665932047200239e-01
  -1.5547459153442134e-16
   1.6651605812699685e-02
  -2.3665932047200239e-01
  -1.5547459153442134e-16
   1.6651605812699685e-02
  -2.3665932047200239e-01
  -1.5547459153442134e-16
   1.6651605812699685e-02
  -2.3665932047200239e-01
  -1.5547459153442134e-16
   1.6651605812699685e-02
  -2.3665932047200239e-01
  -1.5547459153442134e-16
   1.6651605812699685e-02
  -2.3665932047200239e-01
  -1.5547459153442134e-16
   1.6651605812699685e-02
  -2.3665932047200239e-01
  -1.5547459153442134e-16
   1.6651605812699685e-02
  -2.3665932047200239e-01
  -1.5547459153442134e-16
   1.6651605812699685e-02
  -2.3665932047200239e-01
  -1.5547459153442134e-16
   1.6651605812699685e-02
  -2.3665932047200239e-01
  -1.5547459153442134e-16
   1.6651605812699685e-02
  -2.3665932047200239e-01
  -1.5547459153442134e-16
   1.6651605812699685e-02
  -2.3665932047200239e-01
  -1.5547459153442134e-16
   1.6651605812699685e-02
  -2.3665932047200239e-01
  -1.5547459153442134e-16
   1.6651605812699685e-02
  -2.3665932047200239e-01
  -1.5547459153442134e-16
   1.6651605812699685e-02
  -2.3665932047200239e-01
  -1.5547459153442134e-16
   1.6651605812699685e-02
  -2.3665932047200239e-01
  -1.5547459153442134e-16
   1.6651605812699685e-02
  -2.3665932047200239e-01
  -1.5547459153442134e-16
   1.6651605812699685e-02
  -2.3665932047200239e-01
  -1.5547459153442134e-16
   1.6651605812699685e-02
  -2.3665932047200239e-01
  -1.5547459153442134e-16
   1.6651605812699685e-02
  -2.3665932047200239e-01
  -1.5547459153442134e-16
   1.6651605812699685e-02
  -2.3665932047200239e-01
  -1.5547459153442134e-16
   1.6651605812699685e-02
  -2.3665932047200239e-01
  -1.5547459153442134e-16
   1.6651605812699685e-02
  -2.3665932047200239e-01
  -1.5547459153442134e-16
   1.6651605812699685e-02
  -2.0309145316581251e-01
  -9.1072982488782372e-17
   1.6910982502169894e-02
  -2.0309145316581251e-01
  -9.1072982488782372e-17
   1.6910982502169894e-02
  -2.0309145316581251e-01
  -9.1072982488782372e-17
   1.6910982502169894e-02
  -2.0309145316581251e-01
  -9.1072982488782372e-17
   1.6910982502169894e-02
  -2.0309145316581251e-01
  -9.1072982488782372e-17
   1.6910982502169894e-02
  -2.0309145316581251e-01
  -9.1072982488782372e-17
   1.6910982502169894e-02
  -2.0309145316581251e-01
  -9.1072982488782372e-17
   1.6910982502169894e-02
  -2.0309145316581251e-01
  -9.1072982488782372e-17
   1.6910982502169894e-02
  -2.0309145316581251e-01
  -9.1072982488782372e-17
   1.6910982502169894e-02
  -2.0309145316581251e-01
  -9.1072982488782372e-17
   1.6910982502169894e-02
  -2.0309145316581251e-01
  -9.1072982488782372e-17
   1.6910982502169894e-02
  -2.0309145316581251e-01
  -9.1072982488782372e-17
   1.6910982502169894e-02
  -2.0309145316581251e-01
  -9.1072982488782372e-17
   1.6910982502169894e-02
  -2.0309145316581251e-01
  -9.1072982488782372e-17
   1.6910982502169894e-02
  -2.0309145316581251e-01
  -9.1072982488782372e-17
   1.6910982502169894e-02
  -2.0309145316581251e-01
  -9.1072982488782372e-17
   1.6910982502169894e-02
  -2.0309145316581251e-01
  -9.1072982488782372e-17
   1.6910982502169894e-02
  -2.0309145316581251e-01
  -9.1072982488782372e-17
   1.6910982502169894e-02
  -2.0309145316581251e-01
  -9.1072982488782372e-17
   1.6910982502169894e-02
  -2.0309145316581251e-01
  -9.1072982488782372e-17
   1.6910982502169894e-02
  -2.0309145316581251e-01
  -9.1072982488782372e-17
   1.6910982502169894e-02
  -2.0309145316581251e-01
  -9.1072982488782372e-17
   1.6910982502169894e-02
  -2.0309145316581251e-01
  -9.1072982488782372e-17
   1.6910982502169894e-02
  -2.0309145316581251e-01
  -9.1072982488782372e-17
   1.6910982502169894e-02
  -1.6904463809584244e-01
  -5.3342746886286818e-17
   1.7130478255606336e-02
  -1.6904463809584244e-01
  -5.3342746886286818e-17
   1.7130478255606336e-02
  -1.6904463809584244e-01
  -5.3342746886286818e-17
   1.7130478255606336e-02
  -1.6904463809584244e-01
  -5.3342746886286818e-17
   1.7130478255606336e-02
  -1.6904463809584244e-01
  -5.3342746886286818e-17
   1.7130478255606336e-02
  -1.6904463809584244e-01
  -5.3342746886286818e-17
   1.7130478255606336e-02
  -1.6904463809584244e-01
  -5.3342746886286818e-17
   1.7130478255606336e-02
  -1.6904463809584244e-01
  -5.3342746886286818e-17
   1.7130478255606336e-02
  -1.6904463809584244e-01
  -5.3342746886286818e-17
   1.7130478255606336e-02
  -1.6904463809584244e-01
  -5.3342746886286818e-17
   1.7130478255606336e-02
  -1.6904463809584244e-01
  -5.3342746886286818e-17
   1.7130478255606336e-02
  -1.6904463809584244e-01
  -5.3342746886286818e-17
   1.7130478255606336e-02
  -1.6904463809584244e-01
  -5.3342746886286818e-17
   1.7130478255606336e-02
  -1.6904463809584244e-01
  -5.3342746886286818e-17
   1.7130478255606336e-02
  -1.6904463809584244e-01
  -5.3342746886286818e-17
   1.7130478255606336e-02
  -1.6904463809584244e-01
  -5.3342746886286818e-17
   1.7130478255606336e-02
  -1.6904463809584244e-01
  -5.3342746886286818e-17
   1.7130478255606336e-02
  -1.6904463809584244e-01
  -5.3342746886286818e-17
   1.7130478255606336e-02
  -1.6904463809584244e-01
  -5.3342746886286818e-17
   1.7130478255606336e-02
  -1.6904463809584244e-01
  -5.3342746886286818e-17
   1.7130478255606336e-02
  -1.6904463809584244e-01
  -5.3342746886286818e-17
   1.7130478255606336e-02
  -1.6904463809584244e-01
  -5.3342746886286818e-17
   1.7130478255606336e-02
  -1.6904463809584244e-01
  -5.3342746886286818e-17
   1.7130478255606336e-02
  -1.6904463809584244e-01
  -5.3342746886286818e-17
   1.7130478255606336e-02
  -1.3459916739495839e-01
  -8.4567769453869346e-17
   1.7309575439210776e-02
  -1.3459916739495839e-01
  -8.4567769453869346e-17
   1.7309575439210776e-02
  -1.3459916739495839e-01
  -8.4567769453869346e-17
   1.7309575439210776e-02
  -1.3459916739495839e-01
  -8.4567769453869346e-17
   1.7309575439210776e-02
  -1.3459916739495839e-01
  -8.4567769453869346e-17
   1.7309575439210776e-02
  -1.3459916739495839e-01
  -8.4567769453869346e-17
   1.7309575439210776e-02
  -1.3459916739495839e-01
  -8.4567769453869346e-17
   1.7309575439210776e-02
  -1.3459916739495839e-01
  -8.4567769453869346e-17
   1.7309575439210776e-02
  -1.3459916739495839e-01
  -8.4567769453869346e-17
   1.7309575439210776e-02
  -1.3459916739495839e-01
  -8.4567769453869346e-17
   1.7309575439210776e-02
  -1.3459916739495839e-01
  -8.4567769453869346e-17
   1.7309575439210776e-02
  -1.3459916739495839e-01
  -8.4567769453869346e-17
   1.7309575439210776e-02
  -1.3459916739495839e-01
  -8.4567769453869346e-17
   1.7309575439210776e-02
  -1.3459916739495839e-01
  -8.4567769453869346e-17
   1.7309575439210776e-02
  -1.3459916739495839e-01
  -8.4567769453869346e-17
   1.7309575439210776e-02
  -1.3459916739495839e-01
  -8.4567769453869346e-17
   1.7309575439210776e-02
  -1.3459916739495839e-01
  -8.4567769453869346e-17
   1.7309575439210776e-02
  -1.3459916739495839e-01
  -8.4567769453869346e-17
   1.7309575439210776e-02
  -1.3459916739495839e-01
  -8.4567769453869346e-17
   1.7309575439210776e-02
  -1.3459916739495839e-01
  -8.4567769453869346e-17
   1.7309575439210776e-02
  -1.3459916739495839e-01
  -8.4567769453869346e-17
   1.7309575439210776e-02
  -1.3459916739495839e-01
  -8.4567769453869346e-17
   1.7309575439210776e-02
  -1.3459916739495839e-01
  -8.4567769453869346e-17
   1.7309575439210776e-02
  -1.3459916739495839e-01
  -8.4567769453869346e-17
   1.7309575439210776e-02
  -9.9836273340084825e-02
  -2.2442984970449942e-17
   1.7447851690573182e-02
  -9.9836273340084825e-02
  -2.2442984970449942e-17
   1.7447851690573182e-02
  -9.9836273340084825e-02
  -2.2442984970449942e-17
   1.7447851690573182e-02
  -9.9836273340084825e-02
  -2.2442984970449942e-17
   1.7447851690573182e-02
  -9.9836273340084825e-02
  -2.2442984970449942e-17
   1.7447851690573182e-02
  -9.9836273340084825e-02
  -2.2442984970449942e-17
   1.7447851690573182e-02
  -9.9836273340084825e-02
  -2.2442984970449942e-17
   1.7447851690573182e-02
  -9.9836273340084825e-02
  -2.2442984970449942e-17
   1.7447851690573182e-02
  -9.9836273340084825e-02
  -2.2442984970449942e-17
   1.7447851690573182e-02
  -9.9836273340084825e-02
  -2.2442984970449942e-17
   1.7447851690573182e-02
  -9.9836273340084825e-02
  -2.2442984970449942e-17
   1.7447851690573182e-02
  -9.9836273340084825e-02
  -2.2442984970449942e-17
   1.7447851690573182e-02
  -9.9836273340084825e-02
  -2.2442984970449942e-17
   1.7447851690573182e-02
  -9.9836273340084825e-02
  -2.2442984970449942e-17
   1.7447851690573182e-02
  -9.9836273340084825e-02
  -2.2442984970449942e-17
   1.7447851690573182e-02
  -9.9836273340084825e-02
  -2.2442984970449942e-17
   1.7447851690573182e-02
  -9.9836273340084825e-02
  -2.2442984970449942e-17
   1.7447851690573182e-02
  -9.9836273340084825e-02
  -2.2442984970449942e-17
   1.7447851690573182e-02
  -9.9836273340084825e-02
  -2.2442984970449942e-17
   1.7447851690573182e-02
  -9.9836273340084825e-02
  -2.2442984970449942e-17
   1.7447851690573182e-02
  -9.9836273340084825e-02
  -2.2442984970449942e-17
   1.7447851690573182e-02
  -9.9836273340084825e-02
  -2.2442984970449942e-17
   1.7447851690573182e-02
  -9.9836273340084825e-02
  -2.2442984970449942e-17
   1.7447851690573182e-02
  -9.9836273340084825e-02
  -2.2442984970449942e-17
   1.7447851690573182e-02
  -6.4837936783249617e-02
   9.7578195523695399e-19
   1.7544980914723451e-02
  -6.4837936783249617e-02
   9.7578195523695399e-19
   1.7544980914723451e-02
  -6.4837936783249617e-02
   9.7578195523695399e-19
   1.7544980914723451e-02
  -6.4837936783249617e-02
   9.7578195523695399e-19
   1.7544980914723451e-02
  -6.4837936783249617e-02
   9.7578195523695399e-19
   1.7544980914723451e-02
  -6.4837936783249617e-02
   9.7578195523695399e-19
   1.7544980914723451e-02
  -6.4837936783249617e-02
   9.7578195523695399e-19
   1.7544980914723451e-02
  -6.4837936783249617e-02
   9.7578195523695399e-19
   1.7544980914723451e-02
  -6.4837936783249617e-02
   9.7578195523695399e-19
   1.7544980914723451e-02
  -6.4837936783249617e-02
   9.7578195523695399e-19
   1.7544980914723451e-02
  -6.4837936783249617e-02
   9.7578195523695399e-19
   1.7544980914723451e-02
  -6.4837936783249617e-02
   9.7578195523695399e-19
   1.7544980914723451e-02
  -6.4837936783249617e-02
   9.7578195523695399e-19
   1.7544980914723451e-02
  -6.4837936783249617e-02
   9.7578195523695399e-19
   1.7544980914723451e-02
  -6.4837936783249617e-02
   9.7578195523695399e-19
   1.7544980914723451e-02
  -6.4837936783249617e-02
   9.7578195523695399e-19
   1.7544980914723451e-02
  -6.4837936783249617e-02
   9.7578195523695399e-19
   1.7544980914723451e-02
  -6.4837936783249617e-02
   9.7578195523695399e-19
   1.7544980914723451e-02
  -6.4837936783249617e-02
   9.7578195523695399e-19
   1.7544980914723451e-02
  -6.4837936783249617e-02
   9.7578195523695399e-19
   1.7544980914723451e-02
  -6.4837936783249617e-02
   9.7578195523695399e-19
   1.7544980914723451e-02
  -6.4837936783249617e-02
   9.7578195523695399e-19
   1.7544980914723451e-02
  -6.4837936783249617e-02
   9.7578195523695399e-19
   1.7544980914723451e-02
  -6.4837936783249617e-02
   9.7578195523695399e-19
   1.7544980914723451e-02
  -2.9686693817275036e-02
   1.0388012065126739e-16
   1.7600734053156309e-02
  -2.9686693817275036e-02
   1.0388012065126739e-16
   1.7600734053156309e-02
  -2.9686693817275036e-02
   1.0388012065126739e-16
   1.7600734053156309e-02
  -2.9686693817275036e-02
   1.0388012065126739e-16
   1.7600734053156309e-02
  -2.9686693817275036e-02
   1.0388012065126739e-16
   1.7600734053156309e-02
  -2.9686693817275036e-02
   1.0388012065126739e-16
   1.7600734053156309e-02
  -2.9686693817275036e-02
   1.0388012065126739e-16
   1.7600734053156309e-02
  -2.9686693817275036e-02
   1.0388012065126739e-16
   1.7600734053156309e-02
  -2.9686693817275036e-02
   1.0388012065126739e-16
   1.7600734053156309e-02
  -2.9686693817275036e-02
   1.0388012065126739e-16
   1.7600734053156309e-02
  -2.9686693817275036e-02
   1.0388012065126739e-16
   1.7600734053156309e-02
  -2.9686693817275036e-02
   1.0388012065126739e-16
   1.7600734053156309e-02
  -2.9686693817275036e-02
   1.0388012065126739e-16
   1.7600734053156309e-02
  -2.9686693817275036e-02
   1.0388012065126739e-16
   1.7600734053156309e-02
  -2.9686693817275036e-02
   1.0388012065126739e-16
   1.7600734053156309e-02
  -2.9686693817275036e-02
   1.0388012065126739e-16
   1.7600734053156309e-02
  -2.9686693817275036e-02
   1.0388012065126739e-16
   1.7600734053156309e-02
  -2.9686693817275036e-02
   1.0388012065126739e-16
   1.7600734053156309e-02
  -2.9686693817275036e-02
   1.0388012065126739e-16
   1.7600734053156309e-02
  -2.9686693817275036e-02
   1.0388012065126739e-16
   1.7600734053156309e-02
  -2.9686693817275036e-02
   1.0388012065126739e-16
   1.7600734053156309e-02
  -2.9686693817275036e-02
   1.0388012065126739e-16
   1.7600734053156309e-02
  -2.9686693817275036e-02
   1.0388012065126739e-16
   1.7600734053156309e-02
  -2.9686693817275036e-02
   1.0388012065126739e-16
   1.7600734053156309e-02
   5.5345588679474138e-03
   8.1315162936412833e-19
   1.7614979624016723e-02
   5.5345588679474138e-03
   8.1315162936412833e-19
   1.7614979624016723e-02
   5.5345588679474138e-03
   8.1315162936412833e-19
   1.7614979624016723e-02
   5.5345588679474138e-03
   8.1315162936412833e-19
   1.7614979624016723e-02
   5.5345588679474138e-03
   8.1315162936412833e-19
   1.7614979624016723e-02
   5.5345588679474138e-03
   8.1315162936412833e-19
   1.7614979624016723e-02
   5.5345588679474138e-03
   8.1315162936412833e-19
   1.7614979624016723e-02
   5.5345588679474138e-03
   8.1315162936412833e-19
   1.7614979624016723e-02
   5.5345588679474138e-03
   8.1315162936412833e-19
   1.7614979624016723e-02
   5.5345588679474138e-03
   8.1315162936412833e-19
   1.7614979624016723e-02
   5.5345588679474138e-03
   8.1315162936412833e-19
   1.7614979624016723e-02
   5.5345588679474138e-03
   8.1315162936412833e-19
   1.7614979624016723e-02
   5.5345588679474138e-03
   8.1315162936412833e-19
   1.7614979624016723e-02
   5.5345588679474138e-03
   8.1315162936412833e-19
   1.7614979624016723e-02
   5.5345588679474138e-03
   8.1315162936412833e-19
   1.7614979624016723e-02
   5.5345588679474138e-03
   8.1315162936412833e-19
   1.7614979624016723e-02
   5.5345588679474138e-03
   8.1315162936412833e-19
   1.7614979624016723e-02
   5.5345588679474138e-03
   8.1315162936412833e-19
   1.7614979624016723e-02
   5.5345588679474138e-03
   8.1315162936412833e-19
   1.7614979624016723e-02
   5.5345588679474138e-03
   8.1315162936412833e-19
   1.7614979624016723e-02
   5.5345588679474138e-03
   8.1315162936412833e-19
   1.7614979624016723e-02
   5.5345588679474138e-03
   8.1315162936412833e-19
   1.7614979624016723e-02
   5.5345588679474138e-03
   8.1315162936412833e-19
   1.7614979624016723e-02
   5.5345588679474138e-03
   8.1315162936412833e-19
   1.7614979624016723e-02
   4.0742759479574585e-02
   1.1546753136970622e-16
   1.7587684032172295e-02
   4.0742759479574585e-02
   1.1546753136970622e-16
   1.7587684032172295e-02
   4.0742759479574585e-02
   1.1546753136970622e-16
   1.7587684032172295e-02
   4.0742759479574585e-02
   1.1546753136970622e-16
   1.7587684032172295e-02
   4.0742759479574585e-02
   1.1546753136970622e-16
   1.7587684032172295e-02
   4.0742759479574585e-02
   1.1546753136970622e-16
   1.7587684032172295e-02
   4.0742759479574585e-02
   1.1546753136970622e-16
   1.7587684032172295e-02
   4.0742759479574585e-02
   1.1546753136970622e-16
   1.7587684032172295e-02
   4.0742759479574585e-02
   1.1546753136970622e-16
   1.7587684032172295e-02
   4.0742759479574585e-02
   1.1546753136970622e-16
   1.7587684032172295e-02
   4.0742759479574585e-02
   1.1546753136970622e-16
   1.7587684032172295e-02
   4.0742759479574585e-02
   1.1546753136970622e-16
   1.7587684032172295e-02
   4.0742759479574585e-02
   1.1546753136970622e-16
   1.7587684032172295e-02
   4.0742759479574585e-02
   1.1546753136970622e-16
   1.7587684032172295e-02
   4.0742759479574585e-02
   1.1546753136970622e-16
   1.7587684032172295e-02
   4.0742759479574585e-02
   1.1546753136970622e-16
   1.7587684032172295e-02
   4.0742759479574585e-02
   1.1546753136970622e-16
   1.7587684032172295e-02
   4.0742759479574585e-02
   1.1546753136970622e-16
   1.7587684032172295e-02
   4.0742759479574585e-02
   1.1546753136970622e-16
   1.7587684032172295e-02
   4.0742759479574585e-02
   1.1546753136970622e-16
   1.7587684032172295e-02
   4.0742759479574585e-02
   1.1546753136970622e-16
   1.7587684032172295e-02
   4.0742759479574585e-02
   1.1546753136970622e-16
   1.7587684032172295e-02
   4.0742759479574585e-02
   1.1546753136970622e-16
   1.7587684032172295e-02
   4.0742759479574585e-02
   1.1546753136970622e-16
   1.7587684032172295e-02
   7.5854877005287535e-02
   1.5352302762394743e-16
   1.7518911648439228e-02
   7.5854877005287535e-02
   1.5352302762394743e-16
   1.7518911648439228e-02
   7.5854877005287535e-02
   1.5352302762394743e-16
   1.7518911648439228e-02
   7.5854877005287535e-02
   1.5352302762394743e-16
   1.7518911648439228e-02
   7.5854877005287535e-02
   1.5352302762394743e-16
   1.7518911648439228e-02
   7.5854877005287535e-02
   1.5352302762394743e-16
   1.7518911648439228e-02
   7.5854877005287535e-02
   1.5352302762394743e-16
   1.7518911648439228e-02
   7.5854877005287535e-02
   1.5352302762394743e-16
   1.7518911648439228e-02
   7.5854877005287535e-02
   1.5352302762394743e-16
   1.7518911648439228e-02
   7.5854877005287535e-02
   1.5352302762394743e-16
   1.7518911648439228e-02
   7.5854877005287535e-02
   1.5352302762394743e-16
   1.7518911648439228e-02
   7.5854877005287535e-02
   1.5352302762394743e-16
   1.7518911648439228e-02
   7.5854877005287535e-02
   1.5352302762394743e-16
   1.7518911648439228e-02
   7.5854877005287535e-02
   1.5352302762394743e-16
   1.7518911648439228e-02
   7.5854877005287535e-02
   1.5352302762394743e-16
   1.7518911648439228e-02
   7.5854877005287535e-02
   1.5352302762394743e-16
   1.7518911648439228e-02
   7.5854877005287535e-02
   1.5352302762394743e-16
   1.7518911648439228e-02
   7.5854877005287535e-02
   1.5352302762394743e-16
   1.7518911648439228e-02
   7.5854877005287535e-02
   1.5352302762394743e-16
   1.7518911648439228e-02
   7.5854877005287535e-02
   1.5352302762394743e-16
   1.7518911648439228e-02
   7.5854877005287535e-02
   1.5352302762394743e-16
   1.7518911648439228e-02
   7.5854877005287535e-02
   1.5352302762394743e-16
   1.7518911648439228e-02
   7.5854877005287535e-02
   1.5352302762394743e-16
   1.7518911648439228e-02
   7.5854877005287535e-02
   1.5352302762394743e-16
   1.7518911648439228e-02
   1.1078810702417938e-01
   8.3917248150378043e-17
   1.7408824657778765e-02
   1.1078810702417938e-01
   8.3917248150378043e-17
   1.7408824657778765e-02
   1.1078810702417938e-01
   8.3917248150378043e-17
   1.7408824657778765e-02
   1.1078810702417938e-01
   8.3917248150378043e-17
   1.7408824657778765e-02
   1.1078810702417938e-01
   8.3917248150378043e-17
   1.7408824657778765e-02
   1.1078810702417938e-01
   8.3917248150378043e-17
   1.7408824657778765e-02
   1.1078810702417938e-01
   8.3917248150378043e-17
   1.7408824657778765e-02
   1.1078810702417938e-01
   8.3917248150378043e-17
   1.7408824657778765e-02
   1.1078810702417938e-01
   8.3917248150378043e-17
   1.7408824657778765e-02
   1.1078810702417938e-01
   8.3917248150378043e-17
   1.7408824657778765e-02
   1.1078810702417938e-01
   8.3917248150378043e-17
   1.7408824657778765e-02
   1.1078810702417938e-01
   8.3917248150378043e-17
   1.7408824657778765e-02
   1.1078810702417938e-01
   8.3917248150378043e-17
   1.7408824657778765e-02
   1.1078810702417938e-01
   8.3917248150378043e-17
   1.7408824657778765e-02
   1.1078810702417938e-01
   8.3917248150378043e-17
   1.7408824657778765e-02
   1.1078810702417938e-01
   8.3917248150378043e-17
   1.7408824657778765e-02
   1.1078810702417938e-01
   8.3917248150378043e-17
   1.7408824657778765e-02
   1.1078810702417938e-01
   8.3917248150378043e-17
   1.7408824657778765e-02
   1.1078810702417938e-01
   8.3917248150378043e-17
   1.7408824657778765e-02
   1.1078810702417938e-01
   8.3917248150378043e-17
   1.7408824657778765e-02
   1.1078810702417938e-01
   8.3917248150378043e-17
   1.7408824657778765e-02
   1.1078810702417938e-01
   8.3917248150378043e-17
   1.7408824657778765e-02
   1.1078810702417938e-01
   8.3917248150378043e-17
   1.7408824657778765e-02
   1.1078810702417938e-01
   8.3917248150378043e-17
   1.7408824657778765e-02
   1.4546006698327518e-01
   1.9775847626135601e-16
   1.7257682676817463e-02
   1.4546006698327518e-01
   1.9775847626135601e-16
   1.7257682676817463e-02
   1.4546006698327518e-01
   1.9775847626135601e-16
   1.7257682676817463e-02
   1.4546006698327518e-01
   1.9775847626135601e-16
   1.7257682676817463e-02
   1.4546006698327518e-01
   1.9775847626135601e-16
   1.7257682676817463e-02
   1.4546006698327518e-01
   1.9775847626135601e-16
   1.7257682676817463e-02
   1.4546006698327518e-01
   1.9775847626135601e-16
   1.7257682676817463e-02
   1.4546006698327518e-01
   1.9775847626135601e-16
   1.7257682676817463e-02
   1.4546006698327518e-01
   1.9775847626135601e-16
   1.7257682676817463e-02
   1.4546006698327518e-01
   1.9775847626135601e-16
   1.7257682676817463e-02
   1.4546006698327518e-01
   1.9775847626135601e-16
   1.7257682676817463e-02
   1.4546006698327518e-01
   1.9775847626135601e-16
   1.7257682676817463e-02
   1.4546006698327518e-01
   1.9775847626135601e-16
   1.7257682676817463e-02
   1.4546006698327518e-01
   1.9775847626135601e-16
   1.7257682676817463e-02
   1.4546006698327518e-01
   1.9775847626135601e-16
   1.7257682676817463e-02
   1.4546006698327518e-01
   1.9775847626135601e-16
   1.7257682676817463e-02
   1.4546006698327518e-01
   1.9775847626135601e-16
   1.7257682676817463e-02
   1.4546006698327518e-01
   1.9775847626135601e-16
   1.7257682676817463e-02
   1.4546006698327518e-01
   1.9775847626135601e-16
   1.7257682676817463e-02
   1.4546006698327518e-01
   1.9775847626135601e-16
   1.7257682676817463e-02
   1.4546006698327518e-01
   1.9775847626135601e-16
   1.7257682676817463e-02
   1.4546006698327518e-01
   1.9775847626135601e-16
   1.7257682676817463e-02
   1.4546006698327518e-01
   1.9775847626135601e-16
   1.7257682676817463e-02
   1.4546006698327518e-01
   1.9775847626135601e-16
   1.7257682676817463e-02
   1.7978899047916708e-01
   1.9971004017182992e-16
   1.7065842141597759e-02
   1.7978899047916708e-01
   1.9971004017182992e-16
   1.7065842141597759e-02
   1.7978899047916708e-01
   1.9971004017182992e-16
   1.7065842141597759e-02
   1.7978899047916708e-01
   1.9971004017182992e-16
   1.7065842141597759e-02
   1.7978899047916708e-01
   1.9971004017182992e-16
   1.7065842141597759e-02
   1.7978899047916708e-01
   1.9971004017182992e-16
   1.7065842141597759e-02
   1.7978899047916708e-01
   1.9971004017182992e-16
   1.7065842141597759e-02
   1.7978899047916708e-01
   1.9971004017182992e-16
   1.7065842141597759e-02
   1.7978899047916708e-01
   1.9971004017182992e-16
   1.7065842141597759e-02
   1.7978899047916708e-01
   1.9971004017182992e-16
   1.7065842141597759e-02
   1.7978899047916708e-01
   1.9971004017182992e-16
   1.7065842141597759e-02
   1.7978899047916708e-01
   1.9971004017182992e-16
   1.7065842141597759e-02
   1.7978899047916708e-01
   1.9971004017182992e-16
   1.7065842141597759e-02
   1.7978899047916708e-01
   1.9971004017182992e-16
   1.7065842141597759e-02
   1.7978899047916708e-01
   1.9971004017182992e-16
   1.7065842141597759e-02
   1.7978899047916708e-01
   1.9971004017182992e-16
   1.7065842141597759e-02
   1.7978899047916708e-01
   1.9971004017182992e-16
   1.7065842141597759e-02
   1.7978899047916708e-01
   1.9971004017182992e-16
   1.7065842141597759e-02
   1.7978899047916708e-01
   1.9971004017182992e-16
   1.7065842141597759e-02
   1.7978899047916708e-01
   1.9971004017182992e-16
   1.7065842141597759e-02
   1.7978899047916708e-01
   1.9971004017182992e-16
   1.7065842141597759e-02
   1.7978899047916708e-01
   1.9971004017182992e-16
   1.7065842141597759e-02
   1.7978899047916708e-01
   1.9971004017182992e-16
   1.7065842141597759e-02
   1.7978899047916708e-01
   1.9971004017182992e-16
   1.7065842141597759e-02
   2.1369392008659135e-01
   2.2442984970449942e-16
   1.6833755466999424e-02
   2.1369392008659135e-01
   2.2442984970449942e-16
   1.6833755466999424e-02
   2.1369392008659135e-01
   2.2442984970449942e-16
   1.6833755466999424e-02
   2.1369392008659135e-01
   2.2442984970449942e-16
   1.6833755466999424e-02
   2.1369392008659135e-01
   2.2442984970449942e-16
   1.6833755466999424e-02
   2.1369392008659135e-01
   2.2442984970449942e-16
   1.6833755466999424e-02
   2.1369392008659135e-01
   2.2442984970449942e-16
   1.6833755466999424e-02
   2.1369392008659135e-01
   2.2442984970449942e-16
   1.6833755466999424e-02
   2.1369392008659135e-01
   2.2442984970449942e-16
   1.6833755466999424e-02
   2.1369392008659135e-01
   2.2442984970449942e-16
   1.6833755466999424e-02
   2.1369392008659135e-01
   2.2442984970449942e-16
   1.6833755466999424e-02
   2.1369392008659135e-01
   2.2442984970449942e-16
   1.6833755466999424e-02
   2.1369392008659135e-01
   2.2442984970449942e-16
   1.6833755466999424e-02
   2.1369392008659135e-01
   2.2442984970449942e-16
   1.6833755466999424e-02
   2.1369392008659135e-01
   2.2442984970449942e-16
   1.6833755466999424e-02
   2.1369392008659135e-01
   2.2442984970449942e-16
   1.6833755466999424e-02
   2.1369392008659135e-01
   2.2442984970449942e-16
   1.6833755466999424e-02
   2.1369392008659135e-01
   2.2442984970449942e-16
   1.6833755466999424e-02
   2.1369392008659135e-01
   2.2442984970449942e-16
   1.6833755466999424e-02
   2.1369392008659135e-01
   2.2442984970449942e-16
   1.6833755466999424e-02
   2.1369392008659135e-01
   2.2442984970449942e-16
   1.6833755466999424e-02
   2.1369392008659135e-01
   2.2442984970449942e-16
   1.6833755466999424e-02
   2.1369392008659135e-01
   2.2442984970449942e-16
   1.6833755466999424e-02
   2.1369392008659135e-01
   2.2442984970449942e-16
   1.6833755466999424e-02
   2.4709489827920461e-01
   1.3140530330524314e-16
   1.6561969979815443e-02
   2.4709489827920461e-01
   1.3140530330524314e-16
   1.6561969979815443e-02
   2.4709489827920461e-01
   1.3140530330524314e-16
   1.6561969979815443e-02
   2.4709489827920461e-01
   1.3140530330524314e-16
   1.6561969979815443e-02
   2.4709489827920461e-01
   1.3140530330524314e-16
   1.6561969979815443e-02
   2.4709489827920461e-01
   1.3140530330524314e-16
   1.6561969979815443e-02
   2.4709489827920461e-01
   1.3140530330524314e-16
   1.6561969979815443e-02
   2.4709489827920461e-01
   1.3140530330524314e-16
   1.6561969979815443e-02
   2.4709489827920461e-01
   1.3140530330524314e-16
   1.6561969979815443e-02
   2.4709489827920461e-01
   1.3140530330524314e-16
   1.6561969979815443e-02
   2.4709489827920461e-01
   1.3140530330524314e-16
   1.6561969979815443e-02
   2.4709489827920461e-01
   1.3140530330524314e-16
   1.6561969979815443e-02
   2.4709489827920461e-01
   1.3140530330524314e-16
   1.6561969979815443e-02
   2.4709489827920461e-01
   1.3140530330524314e-16
   1.6561969979815443e-02
   2.4709489827920461e-01
   1.3140530330524314e-16
   1.6561969979815443e-02
   2.4709489827920461e-01
   1.3140530330524314e-16
   1.6561969979815443e-02
   2.4709489827920461e-01
   1.3140530330524314e-16
   1.6561969979815443e-02
   2.4709489827920461e-01
   1.3140530330524314e-16
   1.6561969979815443e-02
   2.4709489827920461e-01
   1.3140530330524314e-16
   1.6561969979815443e-02
   2.4709489827920461e-01
   1.3140530330524314e-16
   1.6561969979815443e-02
   2.4709489827920461e-01
   1.3140530330524314e-16
   1.6561969979815443e-02
   2.4709489827920461e-01
   1.3140530330524314e-16
   1.6561969979815443e-02
   2.4709489827920461e-01
   1.3140530330524314e-16
   1.6561969979815443e-02
   2.4709489827920461e-01
   1.3140530330524314e-16
   1.6561969979815443e-02
   2.7991315599231226e-01
   2.5240226575462543e-16
   1.6251126627999758e-02
   2.7991315599231226e-01
   2.5240226575462543e-16
   1.6251126627999758e-02
   2.7991315599231226e-01
   2.5240226575462543e-16
   1.6251126627999758e-02
   2.7991315599231226e-01
   2.5240226575462543e-16
   1.6251126627999758e-02
   2.7991315599231226e-01
   2.5240226575462543e-16
   1.6251126627999758e-02
   2.7991315599231226e-01
   2.5240226575462543e-16
   1.6251126627999758e-02
   2.7991315599231226e-01
   2.5240226575462543e-16
   1.6251126627999758e-02
   2.7991315599231226e-01
   2.5240226575462543e-16
   1.6251126627999758e-02
   2.7991315599231226e-01
   2.5240226575462543e-16
   1.6251126627999758e-02
   2.7991315599231226e-01
   2.5240226575462543e-16
   1.6251126627999758e-02
   2.7991315599231226e-01
   2.5240226575462543e-16
   1.6251126627999758e-02
   2.7991315599231226e-01
   2.5240226575462543e-16
   1.6251126627999758e-02
   2.7991315599231226e-01
   2.5240226575462543e-16
   1.6251126627999758e-02
   2.7991315599231226e-01
   2.5240226575462543e-16
   1.6251126627999758e-02
   2.7991315599231226e-01
   2.5240226575462543e-16
   1.6251126627999758e-02
   2.7991315599231226e-01
   2.5240226575462543e-16
   1.6251126627999758e-02
   2.7991315599231226e-01
   2.5240226575462543e-16
   1.6251126627999758e-02
   2.7991315599231226e-01
   2.5240226575462543e-16
   1.6251126627999758e-02
   2.7991315599231226e-01
   2.5240226575462543e-16
   1.6251126627999758e-02
   2.7991315599231226e-01
   2.5240226575462543e-16
   1.6251126627999758e-02
   2.7991315599231226e-01
   2.5240226575462543e-16
   1.6251126627999758e-02
   2.7991315599231226e-01
   2.5240226575462543e-16
   1.6251126627999758e-02
   2.7991315599231226e-01
   2.5240226575462543e-16
   1.6251126627999758e-02
   2.7991315599231226e-01
   2.5240226575462543e-16
   1.6251126627999758e-02
   3.1207129838286229e-01
   4.2283884726934673e-16
   1.5901958469127463e-02
   3.1207129838286229e-01
   4.2283884726934673e-16
   1.5901958469127463e-02
   3.1207129838286229e-01
   4.2283884726934673e-16
   1.5901958469127463e-02
   3.1207129838286229e-01
   4.2283884726934673e-16
   1.5901958469127463e-02
   3.1207129838286229e-01
   4.2283884726934673e-16
   1.5901958469127463e-02
   3.1207129838286229e-01
   4.2283884726934673e-16
   1.5901958469127463e-02
   3.1207129838286229e-01
   4.2283884726934673e-16
   1.5901958469127463e-02
   3.1207129838286229e-01
   4.2283884726934673e-16
   1.5901958469127463e-02
   3.1207129838286229e-01
   4.2283884726934673e-16
   1.5901958469127463e-02
   3.1207129838286229e-01
   4.2283884726934673e-16
   1.5901958469127463e-02
   3.1207129838286229e-01
   4.2283884726934673e-16
   1.5901958469127463e-02
   3.1207129838286229e-01
   4.2283884726934673e-16
   1.5901958469127463e-02
   3.1207129838286229e-01
   4.2283884726934673e-16
   1.5901958469127463e-02
   3.1207129838286229e-01
   4.2283884726934673e-16
   1.5901958469127463e-02
   3.1207129838286229e-01
   4.2283884726934673e-16
   1.5901958469127463e-02
   3.1207129838286229e-01
   4.2283884726934673e-16
   1.5901958469127463e-02
   3.1207129838286229e-01
   4.2283884726934673e-16
   1.5901958469127463e-02
   3.1207129838286229e-01
   4.2283884726934673e-16
   1.5901958469127463e-02
   3.1207129838286229e-01
   4.2283884726934673e-16
   1.5901958469127463e-02
   3.1207129838286229e-01
   4.2283884726934673e-16
   1.5901958469127463e-02
   3.1207129838286229e-01
   4.2283884726934673e-16
   1.5901958469127463e-02
   3.1207129838286229e-01
   4.2283884726934673e-16
   1.5901958469127463e-02
   3.1207129838286229e-01
   4.2283884726934673e-16
   1.5901958469127463e-02
   3.1207129838286229e-01
   4.2283884726934673e-16
   1.5901958469127463e-02
   3.4349348734863472e-01
   3.3176586478056436e-16
   1.5515288941636450e-02
   3.4349348734863472e-01
   3.3176586478056436e-16
   1.5515288941636450e-02
   3.4349348734863472e-01
   3.3176586478056436e-16
   1.5515288941636450e-02
   3.4349348734863472e-01
   3.3176586478056436e-16
   1.5515288941636450e-02
   3.4349348734863472e-01
   3.3176586478056436e-16
   1.5515288941636450e-02
   3.4349348734863472e-01
   3.3176586478056436e-16
   1.5515288941636450e-02
   3.4349348734863472e-01
   3.3176586478056436e-16
   1.5515288941636450e-02
   3.4349348734863472e-01
   3.3176586478056436e-16
   1.5515288941636450e-02
   3.4349348734863472e-01
   3.3176586478056436e-16
   1.5515288941636450e-02
   3.4349348734863472e-01
   3.3176586478056436e-16
   1.5515288941636450e-02
   3.4349348734863472e-01
   3.3176586478056436e-16
   1.5515288941636450e-02
   3.4349348734863472e-01
   3.3176586478056436e-16
   1.5515288941636450e-02
   3.4349348734863472e-01
   3.3176586478056436e-16
   1.5515288941636450e-02
   3.4349348734863472e-01
   3.3176586478056436e-16
   1.5515288941636450e-02
   3.4349348734863472e-01
   3.3176586478056436e-16
   1.5515288941636450e-02
   3.4349348734863472e-01
   3.3176586478056436e-16
   1.5515288941636450e-02
   3.4349348734863472e-01
   3.3176586478056436e-16
   1.5515288941636450e-02
   3.4349348734863472e-01
   3.3176586478056436e-16
   1.5515288941636450e-02
   3.4349348734863472e-01
   3.3176586478056436e-16
   1.5515288941636450e-02
   3.4349348734863472e-01
   3.3176586478056436e-16
   1.5515288941636450e-02
   3.4349348734863472e-01
   3.3176586478056436e-16
   1.5515288941636450e-02
   3.4349348734863472e-01
   3.3176586478056436e-16
   1.5515288941636450e-02
   3.4349348734863472e-01
   3.3176586478056436e-16
   1.5515288941636450e-02
   3.4349348734863472e-01
   3.3176586478056436e-16
   1.5515288941636450e-02
   3.7410562037618689e-01
   1.9905951886833861e-16
   1.5092029922922875e-02
   3.7410562037618689e-01
   1.9905951886833861e-16
   1.5092029922922875e-02
   3.7410562037618689e-01
   1.9905951886833861e-16
   1.5092029922922875e-02
   3.7410562037618689e-01
   1.9905951886833861e-16
   1.5092029922922875e-02
   3.7410562037618689e-01
   1.9905951886833861e-16
   1.5092029922922875e-02
   3.7410562037618689e-01
   1.9905951886833861e-16
   1.5092029922922875e-02
   3.7410562037618689e-01
   1.9905951886833861e-16
   1.5092029922922875e-02
   3.7410562037618689e-01
   1.9905951886833861e-16
   1.5092029922922875e-02
   3.7410562037618689e-01
   1.9905951886833861e-16
   1.5092029922922875e-02
   3.7410562037618689e-01
   1.9905951886833861e-16
   1.5092029922922875e-02
   3.7410562037618689e-01
   1.9905951886833861e-16
   1.5092029922922875e-02
   3.7410562037618689e-01
   1.9905951886833861e-16
   1.5092029922922875e-02
   3.7410562037618689e-01
   1.9905951886833861e-16
   1.5092029922922875e-02
   3.7410562037618689e-01
   1.9905951886833861e-16
   1.5092029922922875e-02
   3.7410562037618689e-01
   1.9905951886833861e-16
   1.5092029922922875e-02
   3.7410562037618689e-01
   1.9905951886833861e-16
   1.5092029922922875e-02
   3.7410562037618689e-01
   1.9905951886833861e-16
   1.5092029922922875e-02
   3.7410562037618689e-01
   1.9905951886833861e-16
   1.5092029922922875e-02
   3.7410562037618689e-01
   1.9905951886833861e-16
   1.5092029922922875e-02
   3.7410562037618689e-01
   1.9905951886833861e-16
   1.5092029922922875e-02
   3.7410562037618689e-01
   1.9905951886833861e-16
   1.5092029922922875e-02
   3.7410562037618689e-01
   1.9905951886833861e-16
   1.5092029922922875e-02
   3.7410562037618689e-01
   1.9905951886833861e-16
   1.5092029922922875e-02
   3.7410562037618689e-01
   1.9905951886833861e-16
   1.5092029922922875e-02
   4.0383550529578699e-01
   2.9793875699901662e-16
   1.4633179578873477e-02
   4.0383550529578699e-01
   2.9793875699901662e-16
   1.4633179578873477e-02
   4.0383550529578699e-01
   2.9793875699901662e-16
   1.4633179578873477e-02
   4.0383550529578699e-01
   2.9793875699901662e-16
   1.4633179578873477e-02
   4.0383550529578699e-01
   2.9793875699901662e-16
   1.4633179578873477e-02
   4.0383550529578699e-01
   2.9793875699901662e-16
   1.4633179578873477e-02
   4.0383550529578699e-01
   2.9793875699901662e-16
   1.4633179578873477e-02
   4.0383550529578699e-01
   2.9793875699901662e-16
   1.4633179578873477e-02
   4.0383550529578699e-01
   2.9793875699901662e-16
   1.4633179578873477e-02
   4.0383550529578699e-01
   2.9793875699901662e-16
   1.4633179578873477e-02
   4.0383550529578699e-01
   2.9793875699901662e-16
   1.4633179578873477e-02
   4.0383550529578699e-01
   2.9793875699901662e-16
   1.4633179578873477e-02
   4.0383550529578699e-01
   2.9793875699901662e-16
   1.4633179578873477e-02
   4.0383550529578699e-01
   2.9793875699901662e-16
   1.4633179578873477e-02
   4.0383550529578699e-01
   2.9793875699901662e-16
   1.4633179578873477e-02
   4.0383550529578699e-01
   2.9793875699901662e-16
   1.4633179578873477e-02
   4.0383550529578699e-01
   2.9793875699901662e-16
   1.4633179578873477e-02
   4.0383550529578699e-01
   2.9793875699901662e-16
   1.4633179578873477e-02
   4.0383550529578699e-01
   2.9793875699901662e-16
   1.4633179578873477e-02
   4.0383550529578699e-01
   2.9793875699901662e-16
   1.4633179578873477e-02
   4.0383550529578699e-01
   2.9793875699901662e-16
   1.4633179578873477e-02
   4.0383550529578699e-01
   2.9793875699901662e-16
   1.4633179578873477e-02
   4.0383550529578699e-01
   2.9793875699901662e-16
   1.4633179578873477e-02
   4.0383550529578699e-01
   2.9793875699901662e-16
   1.4633179578873477e-02
   4.3261303053120792e-01
   3.5648567431323386e-16
   1.4139820009906113e-02
   4.3261303053120792e-01
   3.5648567431323386e-16
   1.4139820009906113e-02
   4.3261303053120792e-01
   3.5648567431323386e-16
   1.4139820009906113e-02
   4.3261303053120792e-01
   3.5648567431323386e-16
   1.4139820009906113e-02
   4.3261303053120792e-01
   3.5648567431323386e-16
   1.4139820009906113e-02
   4.3261303053120792e-01
   3.5648567431323386e-16
   1.4139820009906113e-02
   4.3261303053120792e-01
   3.5648567431323386e-16
   1.4139820009906113e-02
   4.3261303053120792e-01
   3.5648567431323386e-16
   1.4139820009906113e-02
   4.3261303053120792e-01
   3.5648567431323386e-16
   1.4139820009906113e-02
   4.3261303053120792e-01
   3.5648567431323386e-16
   1.4139820009906113e-02
   4.3261303053120792e-01
   3.5648567431323386e-16
   1.4139820009906113e-02
   4.3261303053120792e-01
   3.5648567431323386e-16
   1.4139820009906113e-02
   4.3261303053120792e-01
   3.5648567431323386e-16
   1.4139820009906113e-02
   4.3261303053120792e-01
   3.5648567431323386e-16
   1.4139820009906113e-02
   4.3261303053120792e-01
   3.5648567431323386e-16
   1.4139820009906113e-02
   4.3261303053120792e-01
   3.5648567431323386e-16
   1.4139820009906113e-02
   4.3261303053120792e-01
   3.5648567431323386e-16
   1.4139820009906113e-02
   4.3261303053120792e-01
   3.5648567431323386e-16
   1.4139820009906113e-02
   4.3261303053120792e-01
   3.5648567431323386e-16
   1.4139820009906113e-02
   4.3261303053120792e-01
   3.5648567431323386e-16
   1.4139820009906113e-02
   4.3261303053120792e-01
   3.5648567431323386e-16
   1.4139820009906113e-02
   4.3261303053120792e-01
   3.5648567431323386e-16
   1.4139820009906113e-02
   4.3261303053120792e-01
   3.5648567431323386e-16
   1.4139820009906113e-02
   4.3261303053120792e-01
   3.5648567431323386e-16
   1.4139820009906113e-02
   4.6037033044288794e-01
   4.2283884726934673e-16
   1.3613114699065024e-02
   4.6037033044288794e-01
   4.2283884726934673e-16
   1.3613114699065024e-02
   4.6037033044288794e-01
   4.2283884726934673e-16
   1.3613114699065024e-02
   4.6037033044288794e-01
   4.2283884726934673e-16
   1.3613114699065024e-02
   4.6037033044288794e-01
   4.2283884726934673e-16
   1.3613114699065024e-02
   4.6037033044288794e-01
   4.2283884726934673e-16
   1.3613114699065024e-02
   4.6037033044288794e-01
   4.2283884726934673e-16
   1.3613114699065024e-02
   4.6037033044288794e-01
   4.2283884726934673e-16
   1.3613114699065024e-02
   4.6037033044288794e-01
   4.2283884726934673e-16
   1.3613114699065024e-02
   4.6037033044288794e-01
   4.2283884726934673e-16
   1.3613114699065024e-02
   4.6037033044288794e-01
   4.2283884726934673e-16
   1.3613114699065024e-02
   4.6037033044288794e-01
   4.2283884726934673e-16
   1.3613114699065024e-02
   4.6037033044288794e-01
   4.2283884726934673e-16
   1.3613114699065024e-02
   4.6037033044288794e-01
   4.2283884726934673e-16
   1.3613114699065024e-02
   4.6037033044288794e-01
   4.2283884726934673e-16
   1.3613114699065024e-02
   4.6037033044288794e-01
   4.2283884726934673e-16
   1.3613114699065024e-02
   4.6037033044288794e-01
   4.2283884726934673e-16
   1.3613114699065024e-02
   4.6037033044288794e-01
   4.2283884726934673e-16
   1.3613114699065024e-02
   4.6037033044288794e-01
   4.2283884726934673e-16
   1.3613114699065024e-02
   4.6037033044288794e-01
   4.2283884726934673e-16
   1.3613114699065024e-02
   4.6037033044288794e-01
   4.2283884726934673e-16
   1.3613114699065024e-02
   4.6037033044288794e-01
   4.2283884726934673e-16
   1.3613114699065024e-02
   4.6037033044288794e-01
   4.2283884726934673e-16
   1.3613114699065024e-02
   4.6037033044288794e-01
   4.2283884726934673e-16
   1.3613114699065024e-02
   4.8704194537452883e-01
   3.8510861166685117e-16
   1.3054305768196649e-02
   4.8704194537452883e-01
   3.8510861166685117e-16
   1.3054305768196649e-02
   4.8704194537452883e-01
   3.8510861166685117e-16
   1.3054305768196649e-02
   4.8704194537452883e-01
   3.8510861166685117e-16
   1.3054305768196649e-02
   4.8704194537452883e-01
   3.8510861166685117e-16
   1.3054305768196649e-02
   4.8704194537452883e-01
   3.8510861166685117e-16
   1.3054305768196649e-02
   4.8704194537452883e-01
   3.8510861166685117e-16
   1.3054305768196649e-02
   4.8704194537452883e-01
   3.8510861166685117e-16
   1.3054305768196649e-02
   4.8704194537452883e-01
   3.8510861166685117e-16
   1.3054305768196649e-02
   4.8704194537452883e-01
   3.8510861166685117e-16
   1.3054305768196649e-02
   4.8704194537452883e-01
   3.8510861166685117e-16
   1.3054305768196649e-02
   4.8704194537452883e-01
   3.8510861166685117e-16
   1.3054305768196649e-02
   4.8704194537452883e-01
   3.8510861166685117e-16
   1.3054305768196649e-02
   4.8704194537452883e-01
   3.8510861166685117e-16
   1.3054305768196649e-02
   4.8704194537452883e-01
   3.8510861166685117e-16
   1.3054305768196649e-02
   4.8704194537452883e-01
   3.8510861166685117e-16
   1.3054305768196649e-02
   4.8704194537452883e-01
   3.8510861166685117e-16
   1.3054305768196649e-02
   4.8704194537452883e-01
   3.8510861166685117e-16
   1.3054305768196649e-02
   4.8704194537452883e-01
   3.8510861166685117e-16
   1.3054305768196649e-02
   4.8704194537452883e-01
   3.8510861166685117e-16
   1.3054305768196649e-02
   4.8704194537452883e-01
   3.8510861166685117e-16
   1.3054305768196649e-02
   4.8704194537452883e-01
   3.8510861166685117e-16
   1.3054305768196649e-02
   4.8704194537452883e-01
   3.8510861166685117e-16
   1.3054305768196649e-02
   4.8704194537452883e-01
   3.8510861166685117e-16
   1.3054305768196649e-02
