         130
          0.02705920
          0.02676177
          0.02577574
          0.02681230
          0.02723924
          0.02677316
          0.02705920
          0.02566041
          0.02678495
          0.02723737
          0.02645835
          0.02533692
          0.02691012
          0.02636574
          0.02691114
          0.02592119
          0.02488046
          0.02652687
          0.02595771
          0.02656342
          0.02525530
          0.02429843
          0.02593376
          0.02534494
          0.02599707
          0.02441022
          0.02356908
          0.02513267
          0.02458020
          0.02518882
          0.02340806
          0.02268757
          0.02415129
          0.02366313
          0.02425501
          0.02225169
          0.02163690
          0.02299048
          0.02258820
          0.02314339
          0.02090749
          0.02038340
          0.02161672
          0.02131473
          0.02182385
          0.01936353
          0.01891890
          0.02005072
          0.01981953
          0.02026973
          0.01762391
          0.01723564
          0.01824905
          0.01807588
          0.01848326
          0.01565129
          0.01528890
          0.01629372
          0.01603489
          0.01633646
          0.01392735
          0.01309700
          0.01442111
          0.01356590
          0.01368599
          0.01251893
          0.01250000
          0.01285562
          0.01250000
          0.01252949
          0.01250000
          0.01250000
          0.01250000
          0.01250000
          0.01250000
          0.01250000
          0.01250000
          0.01250000
          0.01250000
          0.01250000
          0.01250000
          0.01250000
          0.01250000
          0.01250000
          0.01250000
          0.01250000
          0.01250000
          0.01250000
          0.01250000
          0.01250000
          0.01250000
          0.01250000
          0.01250000
          0.01250000
          0.01250000
          0.01250000
          0.01250000
          0.01250000
          0.01250000
          0.01250000
          0.01250000
          0.01250000
          0.01250000
          0.01250000
          0.01250000
          0.01250000
          0.01250000
          0.01250000
          0.01250000
          0.01250000
          0.01250000
          0.01250000
          0.01250000
          0.01250000
          0.01250000
          0.01250000
          0.01250000
          0.01250000
          0.01250000
          0.01250000
          0.01250000
          0.01250000
          0.01250000
          0.01250000
          0.01250000
          0.01250000
          0.01250000
          0.01250000
          0.01250000
          0.01250000
