       130       329        11         1
         3         2         6         6         9         7         7
         3         1         6         3         8         6         9
         5         2         8         4         8         6        11         8        11         9        11
         3         3         8         5         6         9         9
         3         4         6         9         9        10         7
         6         1         9         2         9         3        11         7        10         8        12        11        12
         4         1         7         6        10        11        10        13         8
         6         3        11         6        12         9        12        11        12        12        12        14        12
         6         3        11         4         9         5         9         8        12        10        10        14        12
         4         5         7         9        10        14        10        15         8
         6         6        12         7        10         8        12        12        12        13        10        16        12
         6         8        12        11        12        14        12        16        12        17        12        19        12
         4         7         8        11        10        16        10        18         8
         6         8        12         9        12        10        10        12        12        15        10        19        12
         4        10         8        14        10        19        10        20         8
         6        11        12        12        12        13        10        17        12        18        10        21        12
         6        12        12        16        12        19        12        21        12        22        12        24        12
         4        13         8        16        10        21        10        23         8
         6        12        12        14        12        15        10        17        12        20        10        24        12
         4        15         8        19        10        24        10        25         8
         6        16        12        17        12        18        10        22        12        23        10        26        12
         6        17        12        21        12        24        12        26        12        27        12        29        12
         4        18         8        21        10        26        10        28         8
         6        17        12        19        12        20        10        22        12        25        10        29        12
         4        20         8        24        10        29        10        30         8
         6        21        12        22        12        23        10        27        12        28        10        31        12
         6        22        12        26        12        29        12        31        12        32        12        34        12
         4        23         8        26        10        31        10        33         8
         6        22        12        24        12        25        10        27        12        30        10        34        12
         4        25         8        29        10        34        10        35         8
         6        26        12        27        12        28        10        32        12        33        10        36        12
         6        27        12        31        12        34        12        36        12        37        12        39        12
         4        28         8        31        10        36        10        38         8
         6        27        12        29        12        30        10        32        12        35        10        39        12
         4        30         8        34        10        39        10        40         8
         6        31        12        32        12        33        10        37        12        38        10        41        12
         6        32        12        36        12        39        12        41        12        42        12        44        12
         4        33         8        36        10        41        10        43         8
         6        32        12        34        12        35        10        37        12        40        10        44        12
         4        35         8        39        10        44        10        45         8
         6        36        12        37        12        38        10        42        12        43        10        46        12
         6        37        12        41        12        44        12        46        12        47        12        49        12
         4        38         8        41        10        46        10        48         8
         6        37        12        39        12        40        10        42        12        45        10        49        12
         4        40         8        44        10        49        10        50         8
         6        41        12        42        12        43        10        47        12        48        10        51        12
         6        42        12        46        12        49        12        51        12        52        12        54        12
         4        43         8        46        10        51        10        53         8
         6        42        12        44        12        45        10        47        12        50        10        54        12
         4        45         8        49        10        54        10        55         8
         6        46        12        47        12        48        10        52        12        53        10        56        12
         6        47        12        51        12        54        12        56        12        57        12        59        12
         4        48         8        51        10        56        10        58         8
         6        47        12        49        12        50        10        52        12        55        10        59        12
         4        50         8        54        10        59        10        60         8
         6        51        12        52        12        53        10        57        12        58        10        61        12
         6        52        12        56        12        59        12        61        12        62        12        64        12
         4        53         8        56        10        61        10        63         8
         6        52        12        54        12        55        10        57        12        60        10        64        12
         4        55         8        59        10        64        10        65         8
         6        56        12        57        12        58        10        62        12        63        10        66        12
         6        57        12        61        12        64        12        66        12        67        12        69        12
         4        58         8        61        10        66        10        68         8
         6        57        12        59        12        60        10        62        12        65        10        69        12
         4        60         8        64        10        69        10        70         8
         6        61        12        62        12        63        10        67        12        68        10        71        12
         6        62        12        66        12        69        12        71        12        72        12        74        12
         4        63         8        66        10        71        10        73         8
         6        62        12        64        12        65        10        67        12        70        10        74        12
         4        65         8        69        10        74        10        75         8
         6        66        12        67        12        68        10        72        12        73        10        76        12
         6        67        12        71        12        74        12        76        12        77        12        79        12
         4        68         8        71        10        76        10        78         8
         6        67        12        69        12        70        10        72        12        75        10        79        12
         4        70         8        74        10        79        10        80         8
         6        71        12        72        12        73        10        77        12        78        10        81        12
         6        72        12        76        12        79        12        81        12        82        12        84        12
         4        73         8        76        10        81        10        83         8
         6        72        12        74        12        75        10        77        12        80        10        84        12
         4        75         8        79        10        84        10        85         8
         6        76        12        77        12        78        10        82        12        83        10        86        12
         6        77        12        81        12        84        12        86        12        87        12        89        12
         4        78         8        81        10        86        10        88         8
         6        77        12        79        12        80        10        82        12        85        10        89        12
         4        80         8        84        10        89        10        90         8
         6        81        12        82        12        83        10        87        12        88        10        91        12
         6        82        12        86        12        89        12        91        12        92        12        94        12
         4        83         8        86        10        91        10        93         8
         6        82        12        84        12        85        10        87        12        90        10        94        12
         4        85         8        89        10        94        10        95         8
         6        86        12        87        12        88        10        92        12        93        10        96        12
         6        87        12        91        12        94        12        96        12        97        12        99        12
         4        88         8        91        10        96        10        98         8
         6        87        12        89        12        90        10        92        12        95        10        99        12
         4        90         8        94        10        99        10       100         8
         6        91        12        92        12        93        10        97        12        98        10       101        12
         6        92        12        96        12        99        12       101        12       102        12       104        12
         4        93         8        96        10       101        10       103         8
         6        92        12        94        12        95        10        97        12       100        10       104        12
         4        95         8        99        10       104        10       105         8
         6        96        12        97        12        98        10       102        12       103        10       106        12
         6        97        12       101        12       104        12       106        12       107        12       109        12
         4        98         8       101        10       106        10       108         8
         6        97        12        99        12       100        10       102        12       105        10       109        12
         4       100         8       104        10       109        10       110         8
         6       101        12       102        12       103        10       107        12       108        10       111        12
         6       102        12       106        12       109        12       111        12       112        12       114        12
         4       103         8       106        10       111        10       113         8
         6       102        12       104        12       105        10       107        12       110        10       114        12
         4       105         8       109        10       114        10       115         8
         6       106        12       107        12       108        10       112        12       113        10       116        12
         6       107        12       111        12       114        12       116        12       117        12       119        12
         4       108         8       111        10       116        10       118         8
         6       107        12       109        12       110        10       112        12       115        10       119        12
         4       110         8       114        10       119        10       120         8
         6       111        12       112        12       113        10       117        12       118        10       121        12
         6       112        12       116        12       119        12       121        12       122        12       124        12
         4       113         8       116        10       121        10       123         8
         6       112        12       114        12       115        10       117        12       120        10       124        12
         4       115         8       119        10       124        10       125         8
         6       116        12       117        12       118        10       122        12       123        10       126        11
         6       117        12       121        12       124        12       126        11       127         9       129        11
         4       118         8       121        10       126         9       128         6
         6       117        12       119        12       120        10       122        12       125        10       129        11
         4       120         8       124        10       129         9       130         6
         5       121        11       122        11       123         9       127         8       128         7
         3       122         9       126         8       129         8
         2       123         6       126         7
         5       122        11       124        11       125         9       127         8       130         7
         2       125         6       129         7
