           1           4           1
           2           5           5
           3           5          10
           4           5          15
           5           5          20
           6           5          25
           7           5          30
           8           5          35
           9           5          40
          10           5          45
          11           5          50
          12           5          55
          13           5          60
          14           5          65
          15           5          70
          16           5          75
          17           5          80
          18           5          85
          19           5          90
          20           5          95
          21           5         100
          22           5         105
          23           5         110
          24           5         115
          25           5         120
          26           5         125
          27           5         130
          28           5         135
          29           5         140
          30           5         145
          31           5         150
          32           5         155
          33           5         160
          34           5         165
          35           5         170
          36           5         175
          37           5         180
          38           5         185
          39           5         190
          40           5         195
          41           5         200
          42           5         205
          43           5         210
          44           5         215
          45           5         220
          46           5         225
          47           5         230
          48           5         235
          49           5         240
          50           5         245
          51           5         250
          52           5         255
          53           5         260
          54           5         265
          55           5         270
          56           5         275
          57           5         280
          58           5         285
          59           5         290
          60           5         295
          61           5         300
          62           5         305
          63           5         310
          64           5         315
          65           5         320
          66           5         325
          67           5         330
          68           5         335
          69           5         340
          70           5         345
          71           5         350
          72           5         355
          73           5         360
          74           5         365
          75           5         370
          76           5         375
          77           5         380
          78           5         385
          79           5         390
          80           5         395
          81           5         400
          82           5         405
          83           5         410
          84           5         415
          85           5         420
          86           5         425
          87           5         430
          88           5         435
          89           5         440
          90           5         445
          91           5         450
          92           5         455
          93           5         460
          94           5         465
          95           5         470
          96           5         475
          97           5         480
          98           5         485
          99           5         490
         100           5         495
         101           3         500
         102           5         503
         103           7         508
         104           7         515
         105           7         522
         106           7         529
         107           7         536
         108           7         543
         109           7         550
         110           7         557
         111           7         564
         112           7         571
         113           7         578
         114           7         585
         115           7         592
         116           7         599
         117           7         606
         118           7         613
         119           7         620
         120           7         627
         121           7         634
         122           7         641
         123           7         648
         124           7         655
         125           7         662
         126           7         669
         127           7         676
         128           7         683
         129           7         690
         130           7         697
         131           7         704
         132           7         711
         133           7         718
         134           7         725
         135           7         732
         136           7         739
         137           7         746
         138           7         753
         139           7         760
         140           7         767
         141           7         774
         142           7         781
         143           7         788
         144           7         795
         145           7         802
         146           7         809
         147           7         816
         148           7         823
         149           7         830
         150           7         837
         151           7         844
         152           7         851
         153           7         858
         154           7         865
         155           7         872
         156           7         879
         157           7         886
         158           7         893
         159           7         900
         160           7         907
         161           7         914
         162           7         921
         163           7         928
         164           7         935
         165           7         942
         166           7         949
         167           7         956
         168           7         963
         169           7         970
         170           7         977
         171           7         984
         172           7         991
         173           7         998
         174           7        1005
         175           7        1012
         176           7        1019
         177           7        1026
         178           7        1033
         179           7        1040
         180           7        1047
         181           7        1054
         182           7        1061
         183           7        1068
         184           7        1075
         185           7        1082
         186           7        1089
         187           7        1096
         188           7        1103
         189           7        1110
         190           7        1117
         191           7        1124
         192           7        1131
         193           7        1138
         194           7        1145
         195           7        1152
         196           7        1159
         197           7        1166
         198           7        1173
         199           7        1180
         200           7        1187
         201           7        1194
         202           5        1201
         203           5        1206
         204           7        1211
         205           7        1218
         206           7        1225
         207           7        1232
         208           7        1239
         209           7        1246
         210           7        1253
         211           7        1260
         212           7        1267
         213           7        1274
         214           7        1281
         215           7        1288
         216           7        1295
         217           7        1302
         218           7        1309
         219           7        1316
         220           7        1323
         221           7        1330
         222           7        1337
         223           7        1344
         224           7        1351
         225           7        1358
         226           7        1365
         227           7        1372
         228           7        1379
         229           7        1386
         230           7        1393
         231           7        1400
         232           7        1407
         233           7        1414
         234           7        1421
         235           7        1428
         236           7        1435
         237           7        1442
         238           7        1449
         239           7        1456
         240           7        1463
         241           7        1470
         242           7        1477
         243           7        1484
         244           7        1491
         245           7        1498
         246           7        1505
         247           7        1512
         248           7        1519
         249           7        1526
         250           7        1533
         251           7        1540
         252           7        1547
         253           7        1554
         254           7        1561
         255           7        1568
         256           7        1575
         257           7        1582
         258           7        1589
         259           7        1596
         260           7        1603
         261           7        1610
         262           7        1617
         263           7        1624
         264           7        1631
         265           7        1638
         266           7        1645
         267           7        1652
         268           7        1659
         269           7        1666
         270           7        1673
         271           7        1680
         272           7        1687
         273           7        1694
         274           7        1701
         275           7        1708
         276           7        1715
         277           7        1722
         278           7        1729
         279           7        1736
         280           7        1743
         281           7        1750
         282           7        1757
         283           7        1764
         284           7        1771
         285           7        1778
         286           7        1785
         287           7        1792
         288           7        1799
         289           7        1806
         290           7        1813
         291           7        1820
         292           7        1827
         293           7        1834
         294           7        1841
         295           7        1848
         296           7        1855
         297           7        1862
         298           7        1869
         299           7        1876
         300           7        1883
         301           7        1890
         302           7        1897
         303           5        1904
         304           5        1909
         305           7        1914
         306           7        1921
         307           7        1928
         308           7        1935
         309           7        1942
         310           7        1949
         311           7        1956
         312           7        1963
         313           7        1970
         314           7        1977
         315           7        1984
         316           7        1991
         317           7        1998
         318           7        2005
         319           7        2012
         320           7        2019
         321           7        2026
         322           7        2033
         323           7        2040
         324           7        2047
         325           7        2054
         326           7        2061
         327           7        2068
         328           7        2075
         329           7        2082
         330           7        2089
         331           7        2096
         332           7        2103
         333           7        2110
         334           7        2117
         335           7        2124
         336           7        2131
         337           7        2138
         338           7        2145
         339           7        2152
         340           7        2159
         341           7        2166
         342           7        2173
         343           7        2180
         344           7        2187
         345           7        2194
         346           7        2201
         347           7        2208
         348           7        2215
         349           7        2222
         350           7        2229
         351           7        2236
         352           7        2243
         353           7        2250
         354           7        2257
         355           7        2264
         356           7        2271
         357           7        2278
         358           7        2285
         359           7        2292
         360           7        2299
         361           7        2306
         362           7        2313
         363           7        2320
         364           7        2327
         365           7        2334
         366           7        2341
         367           7        2348
         368           7        2355
         369           7        2362
         370           7        2369
         371           7        2376
         372           7        2383
         373           7        2390
         374           7        2397
         375           7        2404
         376           7        2411
         377           7        2418
         378           7        2425
         379           7        2432
         380           7        2439
         381           7        2446
         382           7        2453
         383           7        2460
         384           7        2467
         385           7        2474
         386           7        2481
         387           7        2488
         388           7        2495
         389           7        2502
         390           7        2509
         391           7        2516
         392           7        2523
         393           7        2530
         394           7        2537
         395           7        2544
         396           7        2551
         397           7        2558
         398           7        2565
         399           7        2572
         400           7        2579
         401           7        2586
         402           7        2593
         403           7        2600
         404           5        2607
         405           5        2612
         406           7        2617
         407           7        2624
         408           7        2631
         409           7        2638
         410           7        2645
         411           7        2652
         412           7        2659
         413           7        2666
         414           7        2673
         415           7        2680
         416           7        2687
         417           7        2694
         418           7        2701
         419           7        2708
         420           7        2715
         421           7        2722
         422           7        2729
         423           7        2736
         424           7        2743
         425           7        2750
         426           7        2757
         427           7        2764
         428           7        2771
         429           7        2778
         430           7        2785
         431           7        2792
         432           7        2799
         433           7        2806
         434           7        2813
         435           7        2820
         436           7        2827
         437           7        2834
         438           7        2841
         439           7        2848
         440           7        2855
         441           7        2862
         442           7        2869
         443           7        2876
         444           7        2883
         445           7        2890
         446           7        2897
         447           7        2904
         448           7        2911
         449           7        2918
         450           7        2925
         451           7        2932
         452           7        2939
         453           7        2946
         454           7        2953
         455           7        2960
         456           7        2967
         457           7        2974
         458           7        2981
         459           7        2988
         460           7        2995
         461           7        3002
         462           7        3009
         463           7        3016
         464           7        3023
         465           7        3030
         466           7        3037
         467           7        3044
         468           7        3051
         469           7        3058
         470           7        3065
         471           7        3072
         472           7        3079
         473           7        3086
         474           7        3093
         475           7        3100
         476           7        3107
         477           7        3114
         478           7        3121
         479           7        3128
         480           7        3135
         481           7        3142
         482           7        3149
         483           7        3156
         484           7        3163
         485           7        3170
         486           7        3177
         487           7        3184
         488           7        3191
         489           7        3198
         490           7        3205
         491           7        3212
         492           7        3219
         493           7        3226
         494           7        3233
         495           7        3240
         496           7        3247
         497           7        3254
         498           7        3261
         499           7        3268
         500           7        3275
         501           7        3282
         502           7        3289
         503           7        3296
         504           7        3303
         505           5        3310
         506           3        3315
         507           5        3318
         508           5        3323
         509           5        3328
         510           5        3333
         511           5        3338
         512           5        3343
         513           5        3348
         514           5        3353
         515           5        3358
         516           5        3363
         517           5        3368
         518           5        3373
         519           5        3378
         520           5        3383
         521           5        3388
         522           5        3393
         523           5        3398
         524           5        3403
         525           5        3408
         526           5        3413
         527           5        3418
         528           5        3423
         529           5        3428
         530           5        3433
         531           5        3438
         532           5        3443
         533           5        3448
         534           5        3453
         535           5        3458
         536           5        3463
         537           5        3468
         538           5        3473
         539           5        3478
         540           5        3483
         541           5        3488
         542           5        3493
         543           5        3498
         544           5        3503
         545           5        3508
         546           5        3513
         547           5        3518
         548           5        3523
         549           5        3528
         550           5        3533
         551           5        3538
         552           5        3543
         553           5        3548
         554           5        3553
         555           5        3558
         556           5        3563
         557           5        3568
         558           5        3573
         559           5        3578
         560           5        3583
         561           5        3588
         562           5        3593
         563           5        3598
         564           5        3603
         565           5        3608
         566           5        3613
         567           5        3618
         568           5        3623
         569           5        3628
         570           5        3633
         571           5        3638
         572           5        3643
         573           5        3648
         574           5        3653
         575           5        3658
         576           5        3663
         577           5        3668
         578           5        3673
         579           5        3678
         580           5        3683
         581           5        3688
         582           5        3693
         583           5        3698
         584           5        3703
         585           5        3708
         586           5        3713
         587           5        3718
         588           5        3723
         589           5        3728
         590           5        3733
         591           5        3738
         592           5        3743
         593           5        3748
         594           5        3753
         595           5        3758
         596           5        3763
         597           5        3768
         598           5        3773
         599           5        3778
         600           5        3783
         601           5        3788
         602           5        3793
         603           5        3798
         604           5        3803
         605           5        3808
         606           4        3813
