Idealized Inlet, Linear Bath w Ebb Shoal, Mesh 1
1424  796
         1 -2250.0000000000 -1500.0000000000   19.0000000000
         2 -2175.0000000000 -1500.0000000000   18.6091995239
         3 -2025.0000000000 -1500.0000000000   17.8106498718
         4 -1875.0000000000 -1500.0000000000   17.0164489746
         5 -1725.0000000000 -1500.0000000000   16.2062492371
         6 -1575.0000000000 -1500.0000000000   15.3754005432
         7 -1425.0000000000 -1500.0000000000   14.5205993652
         8 -1275.0000000000 -1500.0000000000   13.6399497986
         9 -1125.0000000000 -1500.0000000000   12.7299499512
        10 -975.0000000000 -1500.0000000000   11.7859992981
        11 -825.0000000000 -1500.0000000000   10.8027496338
        12 -675.0000000000 -1500.0000000000    9.7718248367
        13 -525.0000000000 -1500.0000000000    8.6826992035
        14 -375.0000000000 -1500.0000000000    7.5222396851
        15 -225.0000000000 -1500.0000000000    6.2611951828
        16  -75.0000000000 -1500.0000000000    5.0508151054
        17   75.0000000000 -1500.0000000000    5.0000000000
        18  225.0000000000 -1500.0000000000    5.0000000000
        19  225.0000000000 -1350.0000000000    5.0000000000
        20  225.0000000000 -1200.0000000000    5.0000000000
        21  225.0000000000 -1050.0000000000    5.0000000000
        22  225.0000000000 -900.0000000000    5.0000000000
        23  225.0000000000 -750.0000000000    5.0000000000
        24  225.0000000000 -600.0000000000    5.0000000000
        25  225.0000000000 -450.0000000000    5.0000000000
        26  225.0000000000 -300.0000000000    5.0000000000
        27  225.0000000000 -200.0000000000    5.0000000000
        28  150.0000000000 -200.0000000000    5.0000000000
        29    0.0000000000 -200.0000000000    5.0000000000
        30    0.0000000000 -150.0000000000    5.0000000000
        31  150.0000000000 -150.0000000000    5.0000000000
        32  300.0000000000 -150.0000000000    5.0000000000
        33  450.0000000000 -150.0000000000    5.0000000000
        34  600.0000000000 -150.0000000000    5.0000000000
        35  750.0000000000 -150.0000000000    5.0000000000
        36  750.0000000000 -300.0000000000    5.0000000000
        37  750.0000000000 -450.0000000000    5.0000000000
        38  750.0000000000 -600.0000000000    5.0000000000
        39  750.0000000000 -750.0000000000    5.0000000000
        40  750.0000000000 -900.0000000000    5.0000000000
        41  750.0000000000 -1050.0000000000    5.0000000000
        42  750.0000000000 -1200.0000000000    5.0000000000
        43  750.0000000000 -1350.0000000000    5.0000000000
        44  750.0000000000 -1500.0000000000    5.0000000000
        45  825.0000000000 -1500.0000000000    5.0000000000
        46  975.0000000000 -1500.0000000000    5.0000000000
        47 1125.0000000000 -1500.0000000000    5.0000000000
        48 1275.0000000000 -1500.0000000000    5.0000000000
        49 1425.0000000000 -1500.0000000000    5.0000000000
        50 1575.0000000000 -1500.0000000000    5.0000000000
        51 1725.0000000000 -1500.0000000000    5.0000000000
        52 1875.0000000000 -1500.0000000000    5.0000000000
        53 2025.0000000000 -1500.0000000000    5.0000000000
        54 2175.0000000000 -1500.0000000000    5.0000000000
        55 2250.0000000000 -1500.0000000000    5.0000000000
        56 2250.0000000000 -1350.0000000000    5.0000000000
        57 2250.0000000000 -1200.0000000000    5.0000000000
        58 2250.0000000000 -1050.0000000000    5.0000000000
        59 2250.0000000000 -900.0000000000    5.0000000000
        60 2250.0000000000 -750.0000000000    5.0000000000
        61 2250.0000000000 -600.0000000000    5.0000000000
        62 2250.0000000000 -450.0000000000    5.0000000000
        63 2250.0000000000 -300.0000000000    5.0000000000
        64 2250.0000000000 -150.0000000000    5.0000000000
        65 2250.0000000000    0.0000000000    5.0000000000
        66 2250.0000000000  150.0000000000    5.0000000000
        67 2250.0000000000  300.0000000000    5.0000000000
        68 2250.0000000000  450.0000000000    5.0000000000
        69 2250.0000000000  600.0000000000    5.0000000000
        70 2250.0000000000  750.0000000000    5.0000000000
        71 2250.0000000000  900.0000000000    5.0000000000
        72 2250.0000000000 1050.0000000000    5.0000000000
        73 2250.0000000000 1200.0000000000    5.0000000000
        74 2250.0000000000 1350.0000000000    5.0000000000
        75 2250.0000000000 1500.0000000000    5.0000000000
        76 2175.0000000000 1500.0000000000    5.0000000000
        77 2025.0000000000 1500.0000000000    5.0000000000
        78 1875.0000000000 1500.0000000000    5.0000000000
        79 1725.0000000000 1500.0000000000    5.0000000000
        80 1575.0000000000 1500.0000000000    5.0000000000
        81 1425.0000000000 1500.0000000000    5.0000000000
        82 1275.0000000000 1500.0000000000    5.0000000000
        83 1125.0000000000 1500.0000000000    5.0000000000
        84  975.0000000000 1500.0000000000    5.0000000000
        85  825.0000000000 1500.0000000000    5.0000000000
        86  750.0000000000 1500.0000000000    5.0000000000
        87  750.0000000000 1350.0000000000    5.0000000000
        88  750.0000000000 1200.0000000000    5.0000000000
        89  750.0000000000 1050.0000000000    5.0000000000
        90  750.0000000000  900.0000000000    5.0000000000
        91  750.0000000000  750.0000000000    5.0000000000
        92  750.0000000000  600.0000000000    5.0000000000
        93  750.0000000000  450.0000000000    5.0000000000
        94  750.0000000000  300.0000000000    5.0000000000
        95  750.0000000000  150.0000000000    5.0000000000
        96  600.0000000000  150.0000000000    5.0000000000
        97  450.0000000000  150.0000000000    5.0000000000
        98  300.0000000000  150.0000000000    5.0000000000
        99  150.0000000000  150.0000000000    5.0000000000
       100    0.0000000000  150.0000000000    5.0000000000
       101    0.0000000000  200.0000000000    5.0000000000
       102  150.0000000000  200.0000000000    5.0000000000
       103  225.0000000000  200.0000000000    5.0000000000
       104  225.0000000000  300.0000000000    5.0000000000
       105  225.0000000000  450.0000000000    5.0000000000
       106  225.0000000000  600.0000000000    5.0000000000
       107  225.0000000000  750.0000000000    5.0000000000
       108  225.0000000000  900.0000000000    5.0000000000
       109  225.0000000000 1050.0000000000    5.0000000000
       110  225.0000000000 1200.0000000000    5.0000000000
       111  225.0000000000 1350.0000000000    5.0000000000
       112  225.0000000000 1500.0000000000    5.0000000000
       113   75.0000000000 1500.0000000000    5.0000000000
       114  -75.0000000000 1500.0000000000    5.0508151054
       115 -225.0000000000 1500.0000000000    6.2611951828
       116 -375.0000000000 1500.0000000000    7.5222396851
       117 -525.0000000000 1500.0000000000    8.6826992035
       118 -675.0000000000 1500.0000000000    9.7718248367
       119 -825.0000000000 1500.0000000000   10.8027496338
       120 -975.0000000000 1500.0000000000   11.7859992981
       121 -1125.0000000000 1500.0000000000   12.7299499512
       122 -1275.0000000000 1500.0000000000   13.6399497986
       123 -1425.0000000000 1500.0000000000   14.5205993652
       124 -1575.0000000000 1500.0000000000   15.3754005432
       125 -1725.0000000000 1500.0000000000   16.2062492371
       126 -1875.0000000000 1500.0000000000   17.0164489746
       127 -2025.0000000000 1500.0000000000   17.8106498718
       128 -2175.0000000000 1500.0000000000   18.6091995239
       129 -2250.0000000000 1500.0000000000   19.0000000000
       130 -2250.0000000000 -1350.0000000000   19.0000000000
       131 -2100.0000000000 -1350.0000000000   18.2052993774
       132 -1950.0000000000 -1350.0000000000   17.4158992767
       133 -1800.0000000000 -1350.0000000000   16.6138000488
       134 -1650.0000000000 -1350.0000000000   15.7938995361
       135 -1500.0000000000 -1350.0000000000   14.9525003433
       136 -1350.0000000000 -1350.0000000000   14.0843000412
       137 -1200.0000000000 -1350.0000000000   13.1892995834
       138 -1050.0000000000 -1350.0000000000   12.2645998001
       139 -900.0000000000 -1350.0000000000   11.3009996414
       140 -750.0000000000 -1350.0000000000   10.2955999374
       141 -600.0000000000 -1350.0000000000    9.2375097275
       142 -450.0000000000 -1350.0000000000    8.1119298935
       143 -300.0000000000 -1350.0000000000    6.9074997902
       144 -150.0000000000 -1350.0000000000    5.5810298920
       145    0.0000000000 -1350.0000000000    5.0000000000
       146  150.0000000000 -1350.0000000000    5.0000000000
       147   75.0000000000 -1200.0000000000    5.0000000000
       148  150.0000000000 -1050.0000000000    5.0000000000
       149   75.0000000000 -900.0000000000    5.0000000000
       150  150.0000000000 -750.0000000000    5.0000000000
       151   75.0000000000 -600.0000000000    5.0000000000
       152  150.0000000000 -450.0000000000    5.0000000000
       153   75.0000000000 -300.0000000000    5.0000000000
       154  -75.0000000000 -300.0000000000    5.0541849136
       155 -150.0000000000 -150.0000000000    4.8007302284
       156  -75.0000000000    0.0000000000    4.9454450607
       157   75.0000000000    0.0000000000    5.0000000000
       158  225.0000000000    0.0000000000    5.0000000000
       159  375.0000000000    0.0000000000    5.0000000000
       160  525.0000000000    0.0000000000    5.0000000000
       161  675.0000000000    0.0000000000    5.0000000000
       162  825.0000000000    0.0000000000    5.0000000000
       163  900.0000000000 -150.0000000000    5.0000000000
       164  825.0000000000 -300.0000000000    5.0000000000
       165  900.0000000000 -450.0000000000    5.0000000000
       166  825.0000000000 -600.0000000000    5.0000000000
       167  900.0000000000 -750.0000000000    5.0000000000
       168  825.0000000000 -900.0000000000    5.0000000000
       169  900.0000000000 -1050.0000000000    5.0000000000
       170  825.0000000000 -1200.0000000000    5.0000000000
       171  900.0000000000 -1350.0000000000    5.0000000000
       172 1050.0000000000 -1350.0000000000    5.0000000000
       173 1200.0000000000 -1350.0000000000    5.0000000000
       174 1350.0000000000 -1350.0000000000    5.0000000000
       175 1500.0000000000 -1350.0000000000    5.0000000000
       176 1650.0000000000 -1350.0000000000    5.0000000000
       177 1800.0000000000 -1350.0000000000    5.0000000000
       178 1950.0000000000 -1350.0000000000    5.0000000000
       179 2100.0000000000 -1350.0000000000    5.0000000000
       180 2175.0000000000 -1200.0000000000    5.0000000000
       181 2100.0000000000 -1050.0000000000    5.0000000000
       182 2175.0000000000 -900.0000000000    5.0000000000
       183 2100.0000000000 -750.0000000000    5.0000000000
       184 2175.0000000000 -600.0000000000    5.0000000000
       185 2100.0000000000 -450.0000000000    5.0000000000
       186 2175.0000000000 -300.0000000000    5.0000000000
       187 2100.0000000000 -150.0000000000    5.0000000000
       188 2175.0000000000    0.0000000000    5.0000000000
       189 2100.0000000000  150.0000000000    5.0000000000
       190 2175.0000000000  300.0000000000    5.0000000000
       191 2100.0000000000  450.0000000000    5.0000000000
       192 2175.0000000000  600.0000000000    5.0000000000
       193 2100.0000000000  750.0000000000    5.0000000000
       194 2175.0000000000  900.0000000000    5.0000000000
       195 2100.0000000000 1050.0000000000    5.0000000000
       196 2175.0000000000 1200.0000000000    5.0000000000
       197 2100.0000000000 1350.0000000000    5.0000000000
       198 1950.0000000000 1350.0000000000    5.0000000000
       199 1800.0000000000 1350.0000000000    5.0000000000
       200 1650.0000000000 1350.0000000000    5.0000000000
       201 1500.0000000000 1350.0000000000    5.0000000000
       202 1350.0000000000 1350.0000000000    5.0000000000
       203 1200.0000000000 1350.0000000000    5.0000000000
       204 1050.0000000000 1350.0000000000    5.0000000000
       205  900.0000000000 1350.0000000000    5.0000000000
       206  825.0000000000 1200.0000000000    5.0000000000
       207  900.0000000000 1050.0000000000    5.0000000000
       208  825.0000000000  900.0000000000    5.0000000000
       209  900.0000000000  750.0000000000    5.0000000000
       210  825.0000000000  600.0000000000    5.0000000000
       211  900.0000000000  450.0000000000    5.0000000000
       212  825.0000000000  300.0000000000    5.0000000000
       213  900.0000000000  150.0000000000    5.0000000000
       214 -150.0000000000  150.0000000000    4.8007302284
       215  -75.0000000000  300.0000000000    5.0541849136
       216   75.0000000000  300.0000000000    5.0000000000
       217  150.0000000000  450.0000000000    5.0000000000
       218   75.0000000000  600.0000000000    5.0000000000
       219  150.0000000000  750.0000000000    5.0000000000
       220   75.0000000000  900.0000000000    5.0000000000
       221  150.0000000000 1050.0000000000    5.0000000000
       222   75.0000000000 1200.0000000000    5.0000000000
       223  150.0000000000 1350.0000000000    5.0000000000
       224    0.0000000000 1350.0000000000    5.0000000000
       225 -150.0000000000 1350.0000000000    5.5810298920
       226 -300.0000000000 1350.0000000000    6.9074997902
       227 -450.0000000000 1350.0000000000    8.1119298935
       228 -600.0000000000 1350.0000000000    9.2375097275
       229 -750.0000000000 1350.0000000000   10.2955999374
       230 -900.0000000000 1350.0000000000   11.3009996414
       231 -1050.0000000000 1350.0000000000   12.2645998001
       232 -1200.0000000000 1350.0000000000   13.1892995834
       233 -1350.0000000000 1350.0000000000   14.0843000412
       234 -1500.0000000000 1350.0000000000   14.9525003433
       235 -1650.0000000000 1350.0000000000   15.7938995361
       236 -1800.0000000000 1350.0000000000   16.6138000488
       237 -1950.0000000000 1350.0000000000   17.4158992767
       238 -2100.0000000000 1350.0000000000   18.2052993774
       239 -2250.0000000000 1350.0000000000   19.0000000000
       240 -2175.0000000000 -1200.0000000000   18.6091995239
       241 -2250.0000000000 -1200.0000000000   19.0000000000
       242 -2025.0000000000 -1200.0000000000   17.8101997375
       243 -1875.0000000000 -1200.0000000000   17.0151500702
       244 -1725.0000000000 -1200.0000000000   16.2052993774
       245 -1575.0000000000 -1200.0000000000   15.3747005463
       246 -1425.0000000000 -1200.0000000000   14.5193004608
       247 -1275.0000000000 -1200.0000000000   13.6392002106
       248 -1125.0000000000 -1200.0000000000   12.7304496765
       249 -975.0000000000 -1200.0000000000   11.7871999741
       250 -825.0000000000 -1200.0000000000   10.8032493591
       251 -675.0000000000 -1200.0000000000    9.7731151581
       252 -525.0000000000 -1200.0000000000    8.6838607788
       253 -375.0000000000 -1200.0000000000    7.5215549469
       254 -225.0000000000 -1200.0000000000    6.2603502274
       255  -75.0000000000 -1200.0000000000    5.0528097153
       256    0.0000000000 -1050.0000000000    5.0000000000
       257  -75.0000000000 -900.0000000000    5.0545797348
       258    0.0000000000 -750.0000000000    5.0000000000
       259  -75.0000000000 -600.0000000000    5.0544700623
       260    0.0000000000 -450.0000000000    5.0000000000
       261 -150.0000000000 -450.0000000000    5.5863599777
       262 -225.0000000000 -300.0000000000    5.7330551147
       263 -300.0000000000 -150.0000000000    3.2371399403
       264 -225.0000000000    0.0000000000    3.2923150063
       265  975.0000000000    0.0000000000    5.0000000000
       266 1050.0000000000 -150.0000000000    5.0000000000
       267  975.0000000000 -300.0000000000    5.0000000000
       268 1050.0000000000 -450.0000000000    5.0000000000
       269  975.0000000000 -600.0000000000    5.0000000000
       270 1050.0000000000 -750.0000000000    5.0000000000
       271  975.0000000000 -900.0000000000    5.0000000000
       272 1050.0000000000 -1050.0000000000    5.0000000000
       273  975.0000000000 -1200.0000000000    5.0000000000
       274 1125.0000000000 -1200.0000000000    5.0000000000
       275 1275.0000000000 -1200.0000000000    5.0000000000
       276 1425.0000000000 -1200.0000000000    5.0000000000
       277 1575.0000000000 -1200.0000000000    5.0000000000
       278 1725.0000000000 -1200.0000000000    5.0000000000
       279 1875.0000000000 -1200.0000000000    5.0000000000
       280 2025.0000000000 -1200.0000000000    5.0000000000
       281 1950.0000000000 -1050.0000000000    5.0000000000
       282 2025.0000000000 -900.0000000000    5.0000000000
       283 1950.0000000000 -750.0000000000    5.0000000000
       284 2025.0000000000 -600.0000000000    5.0000000000
       285 1950.0000000000 -450.0000000000    5.0000000000
       286 2025.0000000000 -300.0000000000    5.0000000000
       287 1950.0000000000 -150.0000000000    5.0000000000
       288 2025.0000000000    0.0000000000    5.0000000000
       289 1950.0000000000  150.0000000000    5.0000000000
       290 2025.0000000000  300.0000000000    5.0000000000
       291 1950.0000000000  450.0000000000    5.0000000000
       292 2025.0000000000  600.0000000000    5.0000000000
       293 1950.0000000000  750.0000000000    5.0000000000
       294 2025.0000000000  900.0000000000    5.0000000000
       295 1950.0000000000 1050.0000000000    5.0000000000
       296 2025.0000000000 1200.0000000000    5.0000000000
       297 1875.0000000000 1200.0000000000    5.0000000000
       298 1725.0000000000 1200.0000000000    5.0000000000
       299 1575.0000000000 1200.0000000000    5.0000000000
       300 1425.0000000000 1200.0000000000    5.0000000000
       301 1275.0000000000 1200.0000000000    5.0000000000
       302 1125.0000000000 1200.0000000000    5.0000000000
       303  975.0000000000 1200.0000000000    5.0000000000
       304 1050.0000000000 1050.0000000000    5.0000000000
       305  975.0000000000  900.0000000000    5.0000000000
       306 1050.0000000000  750.0000000000    5.0000000000
       307  975.0000000000  600.0000000000    5.0000000000
       308 1050.0000000000  450.0000000000    5.0000000000
       309  975.0000000000  300.0000000000    5.0000000000
       310 1050.0000000000  150.0000000000    5.0000000000
       311 -300.0000000000  150.0000000000    3.2371399403
       312 -225.0000000000  300.0000000000    5.7330551147
       313 -150.0000000000  450.0000000000    5.5863599777
       314    0.0000000000  450.0000000000    5.0000000000
       315  -75.0000000000  600.0000000000    5.0544700623
       316    0.0000000000  750.0000000000    5.0000000000
       317  -75.0000000000  900.0000000000    5.0545797348
       318    0.0000000000 1050.0000000000    5.0000000000
       319  -75.0000000000 1200.0000000000    5.0528097153
       320 -225.0000000000 1200.0000000000    6.2603502274
       321 -375.0000000000 1200.0000000000    7.5215549469
       322 -525.0000000000 1200.0000000000    8.6838607788
       323 -675.0000000000 1200.0000000000    9.7731151581
       324 -825.0000000000 1200.0000000000   10.8032493591
       325 -975.0000000000 1200.0000000000   11.7871999741
       326 -1125.0000000000 1200.0000000000   12.7304496765
       327 -1275.0000000000 1200.0000000000   13.6392002106
       328 -1425.0000000000 1200.0000000000   14.5193004608
       329 -1575.0000000000 1200.0000000000   15.3747005463
       330 -1725.0000000000 1200.0000000000   16.2052993774
       331 -1875.0000000000 1200.0000000000   17.0151500702
       332 -2025.0000000000 1200.0000000000   17.8101997375
       333 -2175.0000000000 1200.0000000000   18.6091995239
       334 -2250.0000000000 1200.0000000000   19.0000000000
       335 -2250.0000000000 -1050.0000000000   19.0000000000
       336 -2100.0000000000 -1050.0000000000   18.2047996521
       337 -1950.0000000000 -1050.0000000000   17.4130992889
       338 -1800.0000000000 -1050.0000000000   16.6142997742
       339 -1650.0000000000 -1050.0000000000   15.7950000763
       340 -1500.0000000000 -1050.0000000000   14.9507999420
       341 -1350.0000000000 -1050.0000000000   14.0839996338
       342 -1200.0000000000 -1050.0000000000   13.1899995804
       343 -1050.0000000000 -1050.0000000000   12.2653999329
       344 -900.0000000000 -1050.0000000000   11.3015003204
       345 -750.0000000000 -1050.0000000000   10.2960996628
       346 -600.0000000000 -1050.0000000000    9.2371902466
       347 -450.0000000000 -1050.0000000000    8.1149902344
       348 -300.0000000000 -1050.0000000000    6.9085102081
       349 -150.0000000000 -1050.0000000000    5.5834898949
       350 -225.0000000000 -900.0000000000    6.2620401382
       351 -150.0000000000 -750.0000000000    5.5850300789
       352 -225.0000000000 -600.0000000000    6.2629151344
       353 -300.0000000000 -450.0000000000    6.8909401894
       354 -375.0000000000 -300.0000000000    5.0127449036
       355 -450.0000000000 -150.0000000000    2.7835299969
       356 -375.0000000000    0.0000000000    2.1482548714
       357 1125.0000000000    0.0000000000    5.0000000000
       358 1200.0000000000 -150.0000000000    5.0000000000
       359 1125.0000000000 -300.0000000000    5.0000000000
       360 1200.0000000000 -450.0000000000    5.0000000000
       361 1125.0000000000 -600.0000000000    5.0000000000
       362 1200.0000000000 -750.0000000000    5.0000000000
       363 1125.0000000000 -900.0000000000    5.0000000000
       364 1200.0000000000 -1050.0000000000    5.0000000000
       365 1350.0000000000 -1050.0000000000    5.0000000000
       366 1500.0000000000 -1050.0000000000    5.0000000000
       367 1650.0000000000 -1050.0000000000    5.0000000000
       368 1800.0000000000 -1050.0000000000    5.0000000000
       369 1875.0000000000 -900.0000000000    5.0000000000
       370 1800.0000000000 -750.0000000000    5.0000000000
       371 1875.0000000000 -600.0000000000    5.0000000000
       372 1800.0000000000 -450.0000000000    5.0000000000
       373 1875.0000000000 -300.0000000000    5.0000000000
       374 1800.0000000000 -150.0000000000    5.0000000000
       375 1875.0000000000    0.0000000000    5.0000000000
       376 1800.0000000000  150.0000000000    5.0000000000
       377 1875.0000000000  300.0000000000    5.0000000000
       378 1800.0000000000  450.0000000000    5.0000000000
       379 1875.0000000000  600.0000000000    5.0000000000
       380 1800.0000000000  750.0000000000    5.0000000000
       381 1875.0000000000  900.0000000000    5.0000000000
       382 1800.0000000000 1050.0000000000    5.0000000000
       383 1650.0000000000 1050.0000000000    5.0000000000
       384 1500.0000000000 1050.0000000000    5.0000000000
       385 1350.0000000000 1050.0000000000    5.0000000000
       386 1200.0000000000 1050.0000000000    5.0000000000
       387 1125.0000000000  900.0000000000    5.0000000000
       388 1200.0000000000  750.0000000000    5.0000000000
       389 1125.0000000000  600.0000000000    5.0000000000
       390 1200.0000000000  450.0000000000    5.0000000000
       391 1125.0000000000  300.0000000000    5.0000000000
       392 1200.0000000000  150.0000000000    5.0000000000
       393 -450.0000000000  150.0000000000    2.7835299969
       394 -375.0000000000  300.0000000000    5.0127449036
       395 -300.0000000000  450.0000000000    6.8909401894
       396 -225.0000000000  600.0000000000    6.2629151344
       397 -150.0000000000  750.0000000000    5.5850300789
       398 -225.0000000000  900.0000000000    6.2620401382
       399 -150.0000000000 1050.0000000000    5.5834898949
       400 -300.0000000000 1050.0000000000    6.9085102081
       401 -450.0000000000 1050.0000000000    8.1149902344
       402 -600.0000000000 1050.0000000000    9.2371902466
       403 -750.0000000000 1050.0000000000   10.2960996628
       404 -900.0000000000 1050.0000000000   11.3015003204
       405 -1050.0000000000 1050.0000000000   12.2653999329
       406 -1200.0000000000 1050.0000000000   13.1899995804
       407 -1350.0000000000 1050.0000000000   14.0839996338
       408 -1500.0000000000 1050.0000000000   14.9507999420
       409 -1650.0000000000 1050.0000000000   15.7950000763
       410 -1800.0000000000 1050.0000000000   16.6142997742
       411 -1950.0000000000 1050.0000000000   17.4130992889
       412 -2100.0000000000 1050.0000000000   18.2047996521
       413 -2250.0000000000 1050.0000000000   19.0000000000
       414 -2175.0000000000 -900.0000000000   18.6091499329
       415 -2250.0000000000 -900.0000000000   19.0000000000
       416 -2025.0000000000 -900.0000000000   17.8087997437
       417 -1875.0000000000 -900.0000000000   17.0167007446
       418 -1725.0000000000 -900.0000000000   16.2071495056
       419 -1575.0000000000 -900.0000000000   15.3756999969
       420 -1425.0000000000 -900.0000000000   14.5214004517
       421 -1275.0000000000 -900.0000000000   13.6417503357
       422 -1125.0000000000 -900.0000000000   12.7315998077
       423 -975.0000000000 -900.0000000000   11.7875995636
       424 -825.0000000000 -900.0000000000   10.8038501740
       425 -675.0000000000 -900.0000000000    9.7736301422
       426 -525.0000000000 -900.0000000000    8.6848754883
       427 -375.0000000000 -900.0000000000    7.5227551460
       428 -300.0000000000 -750.0000000000    6.9094099998
       429 -375.0000000000 -600.0000000000    7.5245099068
       430 -450.0000000000 -450.0000000000    7.8017601967
       431 -525.0000000000 -300.0000000000    5.2479152679
       432 -600.0000000000 -150.0000000000    3.7036499977
       433 -525.0000000000    0.0000000000    2.3500199318
       434 1275.0000000000    0.0000000000    5.0000000000
       435 1350.0000000000 -150.0000000000    5.0000000000
       436 1275.0000000000 -300.0000000000    5.0000000000
       437 1350.0000000000 -450.0000000000    5.0000000000
       438 1275.0000000000 -600.0000000000    5.0000000000
       439 1350.0000000000 -750.0000000000    5.0000000000
       440 1275.0000000000 -900.0000000000    5.0000000000
       441 1425.0000000000 -900.0000000000    5.0000000000
       442 1575.0000000000 -900.0000000000    5.0000000000
       443 1725.0000000000 -900.0000000000    5.0000000000
       444 1650.0000000000 -750.0000000000    5.0000000000
       445 1725.0000000000 -600.0000000000    5.0000000000
       446 1650.0000000000 -450.0000000000    5.0000000000
       447 1725.0000000000 -300.0000000000    5.0000000000
       448 1650.0000000000 -150.0000000000    5.0000000000
       449 1725.0000000000    0.0000000000    5.0000000000
       450 1650.0000000000  150.0000000000    5.0000000000
       451 1725.0000000000  300.0000000000    5.0000000000
       452 1650.0000000000  450.0000000000    5.0000000000
       453 1725.0000000000  600.0000000000    5.0000000000
       454 1650.0000000000  750.0000000000    5.0000000000
       455 1725.0000000000  900.0000000000    5.0000000000
       456 1575.0000000000  900.0000000000    5.0000000000
       457 1425.0000000000  900.0000000000    5.0000000000
       458 1275.0000000000  900.0000000000    5.0000000000
       459 1350.0000000000  750.0000000000    5.0000000000
       460 1275.0000000000  600.0000000000    5.0000000000
       461 1350.0000000000  450.0000000000    5.0000000000
       462 1275.0000000000  300.0000000000    5.0000000000
       463 1350.0000000000  150.0000000000    5.0000000000
       464 -600.0000000000  150.0000000000    3.7036499977
       465 -525.0000000000  300.0000000000    5.2479152679
       466 -450.0000000000  450.0000000000    7.8017601967
       467 -375.0000000000  600.0000000000    7.5245099068
       468 -300.0000000000  750.0000000000    6.9094099998
       469 -375.0000000000  900.0000000000    7.5227551460
       470 -525.0000000000  900.0000000000    8.6848754883
       471 -675.0000000000  900.0000000000    9.7736301422
       472 -825.0000000000  900.0000000000   10.8038501740
       473 -975.0000000000  900.0000000000   11.7875995636
       474 -1125.0000000000  900.0000000000   12.7315998077
       475 -1275.0000000000  900.0000000000   13.6417503357
       476 -1425.0000000000  900.0000000000   14.5214004517
       477 -1575.0000000000  900.0000000000   15.3756999969
       478 -1725.0000000000  900.0000000000   16.2071495056
       479 -1875.0000000000  900.0000000000   17.0167007446
       480 -2025.0000000000  900.0000000000   17.8087997437
       481 -2175.0000000000  900.0000000000   18.6091499329
       482 -2250.0000000000  900.0000000000   19.0000000000
       483 -2250.0000000000 -750.0000000000   19.0000000000
       484 -2100.0000000000 -750.0000000000   18.2049999237
       485 -1950.0000000000 -750.0000000000   17.4141998291
       486 -1800.0000000000 -750.0000000000   16.6135005951
       487 -1650.0000000000 -750.0000000000   15.7941999435
       488 -1500.0000000000 -750.0000000000   14.9535999298
       489 -1350.0000000000 -750.0000000000   14.0854997635
       490 -1200.0000000000 -750.0000000000   13.1907997131
       491 -1050.0000000000 -750.0000000000   12.2650995255
       492 -900.0000000000 -750.0000000000   11.3025999069
       493 -750.0000000000 -750.0000000000   10.2973003387
       494 -600.0000000000 -750.0000000000    9.2400102615
       495 -450.0000000000 -750.0000000000    8.1168603897
       496 -525.0000000000 -600.0000000000    8.6861448288
       497 -600.0000000000 -450.0000000000    8.6879396439
       498 -675.0000000000 -300.0000000000    6.8481349945
       499 -750.0000000000 -150.0000000000    6.0090999603
       500 -675.0000000000    0.0000000000    3.9770798683
       501 1425.0000000000    0.0000000000    5.0000000000
       502 1500.0000000000 -150.0000000000    5.0000000000
       503 1425.0000000000 -300.0000000000    5.0000000000
       504 1500.0000000000 -450.0000000000    5.0000000000
       505 1425.0000000000 -600.0000000000    5.0000000000
       506 1500.0000000000 -750.0000000000    5.0000000000
       507 1575.0000000000 -600.0000000000    5.0000000000
       508 1575.0000000000 -300.0000000000    5.0000000000
       509 1575.0000000000    0.0000000000    5.0000000000
       510 1500.0000000000  150.0000000000    5.0000000000
       511 1575.0000000000  300.0000000000    5.0000000000
       512 1500.0000000000  450.0000000000    5.0000000000
       513 1575.0000000000  600.0000000000    5.0000000000
       514 1500.0000000000  750.0000000000    5.0000000000
       515 1425.0000000000  600.0000000000    5.0000000000
       516 1425.0000000000  300.0000000000    5.0000000000
       517 -750.0000000000  150.0000000000    6.0090999603
       518 -675.0000000000  300.0000000000    6.8481349945
       519 -600.0000000000  450.0000000000    8.6879396439
       520 -525.0000000000  600.0000000000    8.6861448288
       521 -450.0000000000  750.0000000000    8.1168603897
       522 -600.0000000000  750.0000000000    9.2400102615
       523 -750.0000000000  750.0000000000   10.2973003387
       524 -900.0000000000  750.0000000000   11.3025999069
       525 -1050.0000000000  750.0000000000   12.2650995255
       526 -1200.0000000000  750.0000000000   13.1907997131
       527 -1350.0000000000  750.0000000000   14.0854997635
       528 -1500.0000000000  750.0000000000   14.9535999298
       529 -1650.0000000000  750.0000000000   15.7941999435
       530 -1800.0000000000  750.0000000000   16.6135005951
       531 -1950.0000000000  750.0000000000   17.4141998291
       532 -2100.0000000000  750.0000000000   18.2049999237
       533 -2250.0000000000  750.0000000000   19.0000000000
       534 -2175.0000000000 -600.0000000000   18.6091995239
       535 -2250.0000000000 -600.0000000000   19.0000000000
       536 -2025.0000000000 -600.0000000000   17.8103485107
       537 -1875.0000000000 -600.0000000000   17.0173988342
       538 -1725.0000000000 -600.0000000000   16.2076988220
       539 -1575.0000000000 -600.0000000000   15.3773498535
       540 -1425.0000000000 -600.0000000000   14.5227499008
       541 -1275.0000000000 -600.0000000000   13.6415004730
       542 -1125.0000000000 -600.0000000000   12.7320499420
       543 -975.0000000000 -600.0000000000   11.7880992889
       544 -825.0000000000 -600.0000000000   10.8053998947
       545 -675.0000000000 -600.0000000000    9.7745800018
       546 -750.0000000000 -450.0000000000   10.1576995850
       547 -825.0000000000 -300.0000000000    9.5630054474
       548 -900.0000000000 -150.0000000000    9.5438995361
       549 -825.0000000000    0.0000000000    6.9288649559
       550 -900.0000000000  150.0000000000    9.5438995361
       551 -825.0000000000  300.0000000000    9.5630054474
       552 -750.0000000000  450.0000000000   10.1576995850
       553 -675.0000000000  600.0000000000    9.7745800018
       554 -825.0000000000  600.0000000000   10.8053998947
       555 -975.0000000000  600.0000000000   11.7880992889
       556 -1125.0000000000  600.0000000000   12.7320499420
       557 -1275.0000000000  600.0000000000   13.6415004730
       558 -1425.0000000000  600.0000000000   14.5227499008
       559 -1575.0000000000  600.0000000000   15.3773498535
       560 -1725.0000000000  600.0000000000   16.2076988220
       561 -1875.0000000000  600.0000000000   17.0173988342
       562 -2025.0000000000  600.0000000000   17.8103485107
       563 -2175.0000000000  600.0000000000   18.6091995239
       564 -2250.0000000000  600.0000000000   19.0000000000
       565 -2250.0000000000 -450.0000000000   19.0000000000
       566 -2100.0000000000 -450.0000000000   18.2054996490
       567 -1950.0000000000 -450.0000000000   17.4151000977
       568 -1800.0000000000 -450.0000000000   16.6149997711
       569 -1650.0000000000 -450.0000000000   15.7951002121
       570 -1500.0000000000 -450.0000000000   14.9525995255
       571 -1350.0000000000 -450.0000000000   14.0867996216
       572 -1200.0000000000 -450.0000000000   13.1913995743
       573 -1050.0000000000 -450.0000000000   12.2657003403
       574 -900.0000000000 -450.0000000000   11.3003997803
       575 -975.0000000000 -300.0000000000   11.6956501007
       576 -1050.0000000000 -150.0000000000   12.2381000519
       577 -975.0000000000    0.0000000000   10.7906494141
       578 -1050.0000000000  150.0000000000   12.2381000519
       579 -975.0000000000  300.0000000000   11.6956501007
       580 -900.0000000000  450.0000000000   11.3003997803
       581 -1050.0000000000  450.0000000000   12.2657003403
       582 -1200.0000000000  450.0000000000   13.1913995743
       583 -1350.0000000000  450.0000000000   14.0867996216
       584 -1500.0000000000  450.0000000000   14.9525995255
       585 -1650.0000000000  450.0000000000   15.7951002121
       586 -1800.0000000000  450.0000000000   16.6149997711
       587 -1950.0000000000  450.0000000000   17.4151000977
       588 -2100.0000000000  450.0000000000   18.2054996490
       589 -2250.0000000000  450.0000000000   19.0000000000
       590 -2175.0000000000 -300.0000000000   18.6092491150
       591 -2250.0000000000 -300.0000000000   19.0000000000
       592 -2025.0000000000 -300.0000000000   17.8112487793
       593 -1875.0000000000 -300.0000000000   17.0176010132
       594 -1725.0000000000 -300.0000000000   16.2080001831
       595 -1575.0000000000 -300.0000000000   15.3767499924
       596 -1425.0000000000 -300.0000000000   14.5228996277
       597 -1275.0000000000 -300.0000000000   13.6426496506
       598 -1125.0000000000 -300.0000000000   12.7315006256
       599 -1200.0000000000 -150.0000000000   13.1913995743
       600 -1125.0000000000    0.0000000000   12.7173004150
       601 -1200.0000000000  150.0000000000   13.1913995743
       602 -1125.0000000000  300.0000000000   12.7315006256
       603 -1275.0000000000  300.0000000000   13.6426496506
       604 -1425.0000000000  300.0000000000   14.5228996277
       605 -1575.0000000000  300.0000000000   15.3767499924
       606 -1725.0000000000  300.0000000000   16.2080001831
       607 -1875.0000000000  300.0000000000   17.0176010132
       608 -2025.0000000000  300.0000000000   17.8112487793
       609 -2175.0000000000  300.0000000000   18.6092491150
       610 -2250.0000000000  300.0000000000   19.0000000000
       611 -2250.0000000000 -150.0000000000   19.0000000000
       612 -2100.0000000000 -150.0000000000   18.2059993744
       613 -1950.0000000000 -150.0000000000   17.4158000946
       614 -1800.0000000000 -150.0000000000   16.6156997681
       615 -1650.0000000000 -150.0000000000   15.7952003479
       616 -1500.0000000000 -150.0000000000   14.9526996613
       617 -1350.0000000000 -150.0000000000   14.0876998901
       618 -1275.0000000000    0.0000000000   13.6425495148
       619 -1350.0000000000  150.0000000000   14.0876998901
       620 -1500.0000000000  150.0000000000   14.9526996613
       621 -1650.0000000000  150.0000000000   15.7952003479
       622 -1800.0000000000  150.0000000000   16.6156997681
       623 -1950.0000000000  150.0000000000   17.4158000946
       624 -2100.0000000000  150.0000000000   18.2059993744
       625 -2250.0000000000  150.0000000000   19.0000000000
       626 -2175.0000000000    0.0000000000   18.6092491150
       627 -2250.0000000000    0.0000000000   19.0000000000
       628 -2025.0000000000    0.0000000000   17.8118495941
       629 -1875.0000000000    0.0000000000   17.0165996552
       630 -1725.0000000000    0.0000000000   16.2078495026
       631 -1575.0000000000    0.0000000000   15.3775501251
       632 -1425.0000000000    0.0000000000   14.5230998993
       633 -900.0000000000    0.0000000000    8.8597571850
       634 -862.5000000000   75.0000000000    8.2363822460
       635 -937.5000000000   75.0000000000   10.1672744751
       636 -937.5000000000  -75.0000000000   10.1672744751
       637 -862.5000000000  -75.0000000000    8.2363822460
       638 -712.5000000000  375.0000000000    8.5029172898
       639 -637.5000000000  375.0000000000    7.7680373192
       640 -675.0000000000  450.0000000000    9.4228196144
       641 -750.0000000000  300.0000000000    8.2055702209
       642 -787.5000000000  375.0000000000    9.8603525162
       643 -787.5000000000  225.0000000000    7.7860527039
       644 -712.5000000000  225.0000000000    6.4286174774
       645 -862.5000000000  225.0000000000    9.5534524918
       646 -825.0000000000  150.0000000000    7.7764997482
       647 -787.5000000000   75.0000000000    6.4689824581
       648 -750.0000000000    0.0000000000    5.4529724121
       649 -712.5000000000   75.0000000000    4.9930899143
       650 -787.5000000000  -75.0000000000    6.4689824581
       651 -712.5000000000  -75.0000000000    4.9930899143
       652 -825.0000000000 -150.0000000000    7.7764997482
       653 -787.5000000000 -225.0000000000    7.7860527039
       654 -862.5000000000 -225.0000000000    9.5534524918
       655 -712.5000000000 -225.0000000000    6.4286174774
       656 -750.0000000000 -300.0000000000    8.2055702209
       657 -712.5000000000 -375.0000000000    8.5029172898
       658 -787.5000000000 -375.0000000000    9.8603525162
       659 -675.0000000000 -450.0000000000    9.4228196144
       660 -637.5000000000 -375.0000000000    7.7680373192
       661 -562.5000000000  375.0000000000    6.9679274559
       662 -487.5000000000  375.0000000000    6.5248377323
       663 -525.0000000000  450.0000000000    8.2448499203
       664 -600.0000000000  300.0000000000    6.0480251312
       665 -637.5000000000  225.0000000000    5.2758924961
       666 -562.5000000000  225.0000000000    4.4757826328
       667 -675.0000000000  150.0000000000    4.8563749790
       668 -637.5000000000   75.0000000000    3.8403649330
       669 -562.5000000000   75.0000000000    3.0268349647
       670 -600.0000000000    0.0000000000    3.1635499001
       671 -637.5000000000  -75.0000000000    3.8403649330
       672 -562.5000000000  -75.0000000000    3.0268349647
       673 -675.0000000000 -150.0000000000    4.8563749790
       674 -637.5000000000 -225.0000000000    5.2758924961
       675 -600.0000000000 -300.0000000000    6.0480251312
       676 -562.5000000000 -225.0000000000    4.4757826328
       677 -562.5000000000 -375.0000000000    6.9679274559
       678 -525.0000000000 -450.0000000000    8.2448499203
       679 -487.5000000000 -375.0000000000    6.5248377323
       680 -412.5000000000  375.0000000000    6.4072525501
       681 -337.5000000000  375.0000000000    5.9518425465
       682 -375.0000000000  450.0000000000    7.3463501931
       683 -450.0000000000  300.0000000000    5.1303300857
       684 -487.5000000000  225.0000000000    4.0157226324
       685 -412.5000000000  225.0000000000    3.8981374503
       686 -525.0000000000  150.0000000000    3.2435899973
       687 -487.5000000000   75.0000000000    2.5667749644
       688 -412.5000000000   75.0000000000    2.4658924341
       689 -450.0000000000    0.0000000000    2.2491374016
       690 -487.5000000000  -75.0000000000    2.5667749644
       691 -412.5000000000  -75.0000000000    2.4658924341
       692 -525.0000000000 -150.0000000000    3.2435899973
       693 -487.5000000000 -225.0000000000    4.0157226324
       694 -450.0000000000 -300.0000000000    5.1303300857
       695 -412.5000000000 -225.0000000000    3.8981374503
       696 -412.5000000000 -375.0000000000    6.4072525501
       697 -375.0000000000 -450.0000000000    7.3463501931
       698 -337.5000000000 -375.0000000000    5.9518425465
       699 -187.5000000000  375.0000000000    5.6597075462
       700 -225.0000000000  450.0000000000    6.2386500836
       701 -262.5000000000  375.0000000000    6.3119976520
       702 -300.0000000000  300.0000000000    5.3729000091
       703 -337.5000000000  225.0000000000    4.1249424220
       704 -262.5000000000  225.0000000000    4.4850975275
       705 -375.0000000000  150.0000000000    3.0103349686
       706 -337.5000000000   75.0000000000    2.6926974058
       707 -300.0000000000    0.0000000000    2.7202849388
       708 -262.5000000000   75.0000000000    3.2647274733
       709 -337.5000000000  -75.0000000000    2.6926974058
       710 -262.5000000000  -75.0000000000    3.2647274733
       711 -375.0000000000 -150.0000000000    3.0103349686
       712 -337.5000000000 -225.0000000000    4.1249424220
       713 -300.0000000000 -300.0000000000    5.3729000091
       714 -262.5000000000 -225.0000000000    4.4850975275
       715 -262.5000000000 -375.0000000000    6.3119976520
       716 -225.0000000000 -450.0000000000    6.2386500836
       717 -187.5000000000 -375.0000000000    5.6597075462
       718 -150.0000000000  300.0000000000    5.3936200142
       719 -112.5000000000  375.0000000000    5.3202724456
       720 -187.5000000000  225.0000000000    5.2668926716
       721 -112.5000000000  225.0000000000    4.9274575710
       722 -225.0000000000  150.0000000000    4.0189350843
       723 -187.5000000000   75.0000000000    4.0465226174
       724 -150.0000000000    0.0000000000    4.1188800335
       725 -112.5000000000   75.0000000000    4.8730876446
       726 -187.5000000000  -75.0000000000    4.0465226174
       727 -112.5000000000  -75.0000000000    4.8730876446
       728 -225.0000000000 -150.0000000000    4.0189350843
       729 -187.5000000000 -225.0000000000    5.2668926716
       730 -150.0000000000 -300.0000000000    5.3936200142
       731 -112.5000000000 -225.0000000000    4.9274575710
       732 -112.5000000000 -375.0000000000    5.3202724456
       733  187.5000000000  250.0000000000    5.0000000000
       734  187.5000000000  200.0000000000    5.0000000000
       735  225.0000000000  250.0000000000    5.0000000000
       736  112.5000000000  250.0000000000    5.0000000000
       737  150.0000000000  300.0000000000    5.0000000000
       738   37.5000000000  250.0000000000    5.0000000000
       739   75.0000000000  200.0000000000    5.0000000000
       740  -37.5000000000  250.0000000000    5.0270924568
       741    0.0000000000  300.0000000000    5.0270924568
       742  -75.0000000000  175.0000000000    4.9003651142
       743  -75.0000000000  150.0000000000    4.9003651142
       744    0.0000000000  175.0000000000    5.0000000000
       745  -37.5000000000   75.0000000000    4.9727225303
       746    0.0000000000    0.0000000000    4.9727225303
       747   37.5000000000   75.0000000000    5.0000000000
       748  112.5000000000   75.0000000000    5.0000000000
       749   75.0000000000  150.0000000000    5.0000000000
       750  150.0000000000    0.0000000000    5.0000000000
       751  187.5000000000   75.0000000000    5.0000000000
       752  262.5000000000   75.0000000000    5.0000000000
       753  225.0000000000  150.0000000000    5.0000000000
       754  300.0000000000    0.0000000000    5.0000000000
       755  337.5000000000   75.0000000000    5.0000000000
       756  412.5000000000   75.0000000000    5.0000000000
       757  375.0000000000  150.0000000000    5.0000000000
       758  450.0000000000    0.0000000000    5.0000000000
       759  487.5000000000   75.0000000000    5.0000000000
       760  562.5000000000   75.0000000000    5.0000000000
       761  525.0000000000  150.0000000000    5.0000000000
       762  600.0000000000    0.0000000000    5.0000000000
       763  637.5000000000   75.0000000000    5.0000000000
       764  712.5000000000   75.0000000000    5.0000000000
       765  675.0000000000  150.0000000000    5.0000000000
       766  750.0000000000    0.0000000000    5.0000000000
       767  787.5000000000   75.0000000000    5.0000000000
       768  712.5000000000  -75.0000000000    5.0000000000
       769  787.5000000000  -75.0000000000    5.0000000000
       770  637.5000000000  -75.0000000000    5.0000000000
       771  675.0000000000 -150.0000000000    5.0000000000
       772  562.5000000000  -75.0000000000    5.0000000000
       773  525.0000000000 -150.0000000000    5.0000000000
       774  487.5000000000  -75.0000000000    5.0000000000
       775  412.5000000000  -75.0000000000    5.0000000000
       776  375.0000000000 -150.0000000000    5.0000000000
       777  337.5000000000  -75.0000000000    5.0000000000
       778  262.5000000000  -75.0000000000    5.0000000000
       779  225.0000000000 -150.0000000000    5.0000000000
       780  187.5000000000  -75.0000000000    5.0000000000
       781  112.5000000000  -75.0000000000    5.0000000000
       782   75.0000000000 -150.0000000000    5.0000000000
       783   37.5000000000  -75.0000000000    5.0000000000
       784  -37.5000000000  -75.0000000000    4.9727225303
       785  -75.0000000000 -150.0000000000    4.9003651142
       786    0.0000000000 -175.0000000000    5.0000000000
       787  -75.0000000000 -175.0000000000    4.9003651142
       788  -37.5000000000 -250.0000000000    5.0270924568
       789    0.0000000000 -300.0000000000    5.0270924568
       790   37.5000000000 -250.0000000000    5.0000000000
       791  112.5000000000 -250.0000000000    5.0000000000
       792   75.0000000000 -200.0000000000    5.0000000000
       793  225.0000000000 -250.0000000000    5.0000000000
       794  187.5000000000 -200.0000000000    5.0000000000
       795  187.5000000000 -250.0000000000    5.0000000000
       796  150.0000000000 -300.0000000000    5.0000000000
    1    3     1     2   130
    2    3   131   130     2
    3    3     2     3   131
    4    3     3   132   131
    5    3     3     4   132
    6    3     4   133   132
    7    3   133     4     5
    8    3   133     5   134
    9    3     6   134     5
   10    3   135   134     6
   11    3     6     7   135
   12    3     7   136   135
   13    3     8   136     7
   14    3   137   136     8
   15    3     8     9   137
   16    3   138   137     9
   17    3     9    10   138
   18    3   139   138    10
   19    3    10    11   139
   20    3   140   139    11
   21    3    11    12   140
   22    3    12   141   140
   23    3    12    13   141
   24    3    13   142   141
   25    3   142    13    14
   26    3   142    14   143
   27    3    15   143    14
   28    3   144   143    15
   29    3    15    16   144
   30    3    16   145   144
   31    3    17   145    16
   32    3   146   145    17
   33    3    17    18   146
   34    3    19   146    18
   35    3   146    19    20
   36    3    20   147   146
   37    3   147    20   148
   38    3    21   148    20
   39    3   148    21    22
   40    3    22   149   148
   41    3   149    22   150
   42    3    23   150    22
   43    3   150    23    24
   44    3    24   151   150
   45    3   151    24   152
   46    3    25   152    24
   47    3   152    25    26
   48    3    26   796   152
   49    3    28   791   795
   50    3    26   793   795
   51    3    29   790   792
   52    3   154   789   788
   53    3   154   788   731
   54    3    29   786   787
   55    3   155   785   727
   56    3   156   784   746
   57    3    30   782   783
   58    3   157   781   750
   59    3    31   779   780
   60    3   158   778   754
   61    3    32   776   777
   62    3   159   775   758
   63    3    33   773   774
   64    3   160   772   762
   65    3   161   770   768
   66    3   162   766   769
   67    3   162   769   163
   68    3    35   164   163
   69    3    36   164    35
   70    3    36    37   164
   71    3    37   165   164
   72    3    37   166   165
   73    3    37    38   166
   74    3    38    39   166
   75    3   167   166    39
   76    3   168   167    39
   77    3    40   168    39
   78    3    40    41   168
   79    3   169   168    41
   80    3   169    41   170
   81    3   170    41    42
   82    3   170    42    43
   83    3   170    43   171
   84    3    45   171    43
   85    3    43    44    45
   86    3    45    46   171
   87    3   172   171    46
   88    3    46    47   172
   89    3   172    47   173
   90    3   173    47    48
   91    3    48   174   173
   92    3    48    49   174
   93    3   175   174    49
   94    3    49    50   175
   95    3   175    50   176
   96    3   176    50    51
   97    3   177   176    51
   98    3    51    52   177
   99    3   177    52   178
  100    3    53   178    52
  101    3   179   178    53
  102    3    54   179    53
  103    3    56   179    54
  104    3    54    55    56
  105    3   180   179    56
  106    3   180    56    57
  107    3    58   180    57
  108    3   180    58   181
  109    3    58   182   181
  110    3    59   182    58
  111    3    60   182    59
  112    3    60   183   182
  113    3   183    60   184
  114    3    61   184    60
  115    3    62   184    61
  116    3   185   184    62
  117    3    62   186   185
  118    3   186    62    63
  119    3    63    64   186
  120    3   186    64   187
  121    3   188   187    64
  122    3    64    65   188
  123    3    66   188    65
  124    3   188    66   189
  125    3   189    66   190
  126    3    67   190    66
  127    3    68   190    67
  128    3   191   190    68
  129    3    68   192   191
  130    3   192    68    69
  131    3    69    70   192
  132    3   192    70   193
  133    3   194   193    70
  134    3    71   194    70
  135    3   194    71    72
  136    3    72   195   194
  137    3   196   195    72
  138    3   196    72    73
  139    3    74   196    73
  140    3   196    74   197
  141    3    74    76   197
  142    3    75    76    74
  143    3    77   197    76
  144    3   197    77   198
  145    3   198    77    78
  146    3    78   199   198
  147    3    78    79   199
  148    3   199    79   200
  149    3    80   200    79
  150    3   201   200    80
  151    3   201    80    81
  152    3    81   202   201
  153    3    81    82   202
  154    3   202    82   203
  155    3    83   203    82
  156    3   203    83   204
  157    3   204    83    84
  158    3    84   205   204
  159    3    84    85   205
  160    3   205    85    87
  161    3    86    87    85
  162    3   205    87   206
  163    3   206    87    88
  164    3   206    88    89
  165    3   206    89   207
  166    3   208   207    89
  167    3    89    90   208
  168    3    91   208    90
  169    3    91   209   208
  170    3    91   210   209
  171    3    92   210    91
  172    3    92    93   210
  173    3    93   211   210
  174    3    93   212   211
  175    3    93    94   212
  176    3    94    95   212
  177    3   213   212    95
  178    3    95   767   213
  179    3   161   766   764
  180    3    96   763   765
  181    3    96   760   763
  182    3   160   760   759
  183    3    97   756   759
  184    3   159   756   755
  185    3    98   752   755
  186    3   158   752   751
  187    3    99   748   751
  188    3   100   747   749
  189    3   100   745   747
  190    3   214   725   743
  191    3   101   742   744
  192    3   215   721   740
  193    3   215   740   741
  194    3   216   738   736
  195    3   216   736   737
  196    3   104   733   735
  197    3   216   737   217
  198    3   217   104   105
  199    3   106   217   105
  200    3   217   106   218
  201    3   218   106   219
  202    3   219   106   107
  203    3   108   219   107
  204    3   219   108   220
  205    3   220   108   221
  206    3   221   108   109
  207    3   110   221   109
  208    3   221   110   222
  209    3   222   110   223
  210    3   223   110   111
  211    3   112   223   111
  212    3   223   112   113
  213    3   224   223   113
  214    3   224   113   114
  215    3   225   224   114
  216    3   114   115   225
  217    3   226   225   115
  218    3   226   115   116
  219    3   116   227   226
  220    3   116   117   227
  221    3   228   227   117
  222    3   117   118   228
  223    3   228   118   229
  224    3   229   118   119
  225    3   230   229   119
  226    3   119   120   230
  227    3   120   231   230
  228    3   121   231   120
  229    3   121   232   231
  230    3   232   121   122
  231    3   233   232   122
  232    3   233   122   123
  233    3   234   233   123
  234    3   123   124   234
  235    3   235   234   124
  236    3   235   124   125
  237    3   125   236   235
  238    3   125   126   236
  239    3   237   236   126
  240    3   126   127   237
  241    3   237   127   238
  242    3   238   127   128
  243    3   239   238   128
  244    3   128   129   239
  245    3   240   241   130
  246    3   130   131   240
  247    3   240   131   242
  248    3   131   132   242
  249    3   243   242   132
  250    3   132   133   243
  251    3   243   133   244
  252    3   244   133   134
  253    3   245   244   134
  254    3   134   135   245
  255    3   246   245   135
  256    3   135   136   246
  257    3   246   136   247
  258    3   136   137   247
  259    3   248   247   137
  260    3   137   138   248
  261    3   248   138   249
  262    3   139   249   138
  263    3   250   249   139
  264    3   139   140   250
  265    3   250   140   251
  266    3   140   141   251
  267    3   252   251   141
  268    3   141   142   252
  269    3   252   142   253
  270    3   253   142   143
  271    3   254   253   143
  272    3   143   144   254
  273    3   255   254   144
  274    3   144   145   255
  275    3   255   145   147
  276    3   145   146   147
  277    3   147   256   255
  278    3   148   256   147
  279    3   256   148   149
  280    3   257   256   149
  281    3   149   258   257
  282    3   150   258   149
  283    3   258   150   151
  284    3   259   258   151
  285    3   151   260   259
  286    3   152   260   151
  287    3   260   152   153
  288    3   153   789   260
  289    3   154   732   789
  290    3   262   717   730
  291    3   155   729   731
  292    3   263   714   728
  293    3   264   710   726
  294    3   156   724   727
  295    3   264   724   723
  296    3   213   162   265
  297    3   265   162   163
  298    3   163   266   265
  299    3   163   267   266
  300    3   163   164   267
  301    3   267   164   165
  302    3   165   268   267
  303    3   268   165   269
  304    3   165   166   269
  305    3   269   166   167
  306    3   167   270   269
  307    3   167   271   270
  308    3   168   271   167
  309    3   271   168   169
  310    3   271   169   272
  311    3   272   169   273
  312    3   273   169   170
  313    3   170   171   273
  314    3   273   171   172
  315    3   273   172   274
  316    3   173   274   172
  317    3   275   274   173
  318    3   275   173   174
  319    3   276   275   174
  320    3   276   174   175
  321    3   276   175   277
  322    3   176   277   175
  323    3   277   176   278
  324    3   278   176   177
  325    3   278   177   279
  326    3   177   178   279
  327    3   280   279   178
  328    3   280   178   179
  329    3   280   179   180
  330    3   181   280   180
  331    3   280   181   281
  332    3   181   282   281
  333    3   282   181   182
  334    3   183   282   182
  335    3   283   282   183
  336    3   284   283   183
  337    3   183   184   284
  338    3   185   284   184
  339    3   185   285   284
  340    3   185   286   285
  341    3   286   185   186
  342    3   187   286   186
  343    3   187   287   286
  344    3   288   287   187
  345    3   187   188   288
  346    3   189   288   188
  347    3   288   189   289
  348    3   290   289   189
  349    3   189   190   290
  350    3   191   290   190
  351    3   191   291   290
  352    3   191   292   291
  353    3   292   191   192
  354    3   193   292   192
  355    3   193   293   292
  356    3   294   293   193
  357    3   294   193   194
  358    3   194   195   294
  359    3   195   295   294
  360    3   296   295   195
  361    3   296   195   196
  362    3   197   296   196
  363    3   296   197   198
  364    3   296   198   297
  365    3   199   297   198
  366    3   297   199   298
  367    3   199   200   298
  368    3   299   298   200
  369    3   201   299   200
  370    3   299   201   300
  371    3   201   202   300
  372    3   300   202   301
  373    3   301   202   203
  374    3   203   302   301
  375    3   302   203   204
  376    3   302   204   303
  377    3   204   205   303
  378    3   303   205   206
  379    3   206   207   303
  380    3   303   207   304
  381    3   304   207   305
  382    3   208   305   207
  383    3   208   209   305
  384    3   209   306   305
  385    3   209   307   306
  386    3   209   210   307
  387    3   307   210   211
  388    3   211   308   307
  389    3   308   211   309
  390    3   211   212   309
  391    3   309   212   213
  392    3   213   310   309
  393    3   265   310   213
  394    3   311   708   722
  395    3   214   720   722
  396    3   312   720   718
  397    3   312   718   699
  398    3   313   719   314
  399    3   215   741   719
  400    3   216   217   314
  401    3   314   217   218
  402    3   314   218   315
  403    3   315   218   316
  404    3   219   316   218
  405    3   316   219   220
  406    3   316   220   317
  407    3   317   220   318
  408    3   221   318   220
  409    3   318   221   222
  410    3   318   222   319
  411    3   319   222   224
  412    3   223   224   222
  413    3   225   319   224
  414    3   320   319   225
  415    3   225   226   320
  416    3   320   226   321
  417    3   227   321   226
  418    3   322   321   227
  419    3   227   228   322
  420    3   323   322   228
  421    3   229   323   228
  422    3   324   323   229
  423    3   229   230   324
  424    3   325   324   230
  425    3   230   231   325
  426    3   231   326   325
  427    3   232   326   231
  428    3   327   326   232
  429    3   232   233   327
  430    3   328   327   233
  431    3   234   328   233
  432    3   329   328   234
  433    3   234   235   329
  434    3   329   235   330
  435    3   236   330   235
  436    3   331   330   236
  437    3   236   237   331
  438    3   332   331   237
  439    3   238   332   237
  440    3   333   332   238
  441    3   238   239   333
  442    3   334   333   239
  443    3   241   240   335
  444    3   336   335   240
  445    3   240   242   336
  446    3   242   337   336
  447    3   242   243   337
  448    3   243   338   337
  449    3   338   243   244
  450    3   338   244   339
  451    3   339   244   245
  452    3   340   339   245
  453    3   245   246   340
  454    3   246   341   340
  455    3   247   341   246
  456    3   342   341   247
  457    3   247   248   342
  458    3   343   342   248
  459    3   343   248   249
  460    3   344   343   249
  461    3   249   250   344
  462    3   345   344   250
  463    3   250   251   345
  464    3   251   346   345
  465    3   251   252   346
  466    3   252   347   346
  467    3   347   252   253
  468    3   347   253   348
  469    3   348   253   254
  470    3   349   348   254
  471    3   254   255   349
  472    3   255   256   349
  473    3   349   256   257
  474    3   257   350   349
  475    3   350   257   351
  476    3   257   258   351
  477    3   351   258   259
  478    3   259   352   351
  479    3   352   259   261
  480    3   259   260   261
  481    3   261   716   352
  482    3   353   716   715
  483    3   354   698   713
  484    3   354   713   712
  485    3   263   711   712
  486    3   356   691   709
  487    3   264   707   710
  488    3   311   706   708
  489    3   310   265   357
  490    3   357   265   266
  491    3   266   358   357
  492    3   358   266   359
  493    3   266   267   359
  494    3   268   359   267
  495    3   359   268   360
  496    3   268   361   360
  497    3   269   361   268
  498    3   269   270   361
  499    3   362   361   270
  500    3   362   270   363
  501    3   271   363   270
  502    3   272   363   271
  503    3   272   364   363
  504    3   272   274   364
  505    3   274   272   273
  506    3   274   275   364
  507    3   275   365   364
  508    3   275   276   365
  509    3   366   365   276
  510    3   366   276   277
  511    3   366   277   367
  512    3   277   278   367
  513    3   368   367   278
  514    3   278   279   368
  515    3   368   279   281
  516    3   280   281   279
  517    3   369   368   281
  518    3   281   282   369
  519    3   283   369   282
  520    3   370   369   283
  521    3   370   283   371
  522    3   284   371   283
  523    3   284   285   371
  524    3   372   371   285
  525    3   373   372   285
  526    3   286   373   285
  527    3   287   373   286
  528    3   374   373   287
  529    3   375   374   287
  530    3   287   288   375
  531    3   289   375   288
  532    3   375   289   376
  533    3   376   289   377
  534    3   290   377   289
  535    3   290   291   377
  536    3   378   377   291
  537    3   379   378   291
  538    3   292   379   291
  539    3   293   379   292
  540    3   379   293   380
  541    3   381   380   293
  542    3   381   293   294
  543    3   294   295   381
  544    3   382   381   295
  545    3   382   295   297
  546    3   296   297   295
  547    3   298   382   297
  548    3   298   383   382
  549    3   299   383   298
  550    3   384   383   299
  551    3   299   300   384
  552    3   300   385   384
  553    3   301   385   300
  554    3   301   386   385
  555    3   301   302   386
  556    3   386   302   304
  557    3   303   304   302
  558    3   304   387   386
  559    3   305   387   304
  560    3   305   306   387
  561    3   306   388   387
  562    3   306   389   388
  563    3   306   307   389
  564    3   308   389   307
  565    3   390   389   308
  566    3   308   391   390
  567    3   309   391   308
  568    3   309   310   391
  569    3   392   391   310
  570    3   357   392   310
  571    3   311   705   706
  572    3   311   703   705
  573    3   394   703   702
  574    3   394   702   681
  575    3   312   699   701
  576    3   395   700   396
  577    3   315   396   313
  578    3   313   314   315
  579    3   396   315   397
  580    3   397   315   316
  581    3   397   316   317
  582    3   317   398   397
  583    3   398   317   399
  584    3   399   317   318
  585    3   399   318   319
  586    3   319   320   399
  587    3   400   399   320
  588    3   320   321   400
  589    3   401   400   321
  590    3   321   322   401
  591    3   402   401   322
  592    3   322   323   402
  593    3   402   323   403
  594    3   403   323   324
  595    3   404   403   324
  596    3   324   325   404
  597    3   325   405   404
  598    3   326   405   325
  599    3   326   406   405
  600    3   406   326   327
  601    3   407   406   327
  602    3   407   327   328
  603    3   408   407   328
  604    3   328   329   408
  605    3   409   408   329
  606    3   329   330   409
  607    3   410   409   330
  608    3   330   331   410
  609    3   411   410   331
  610    3   331   332   411
  611    3   411   332   412
  612    3   412   332   333
  613    3   413   412   333
  614    3   333   334   413
  615    3   414   415   335
  616    3   335   336   414
  617    3   414   336   416
  618    3   336   337   416
  619    3   417   416   337
  620    3   337   338   417
  621    3   417   338   418
  622    3   338   339   418
  623    3   418   339   419
  624    3   339   340   419
  625    3   420   419   340
  626    3   340   341   420
  627    3   420   341   421
  628    3   341   342   421
  629    3   422   421   342
  630    3   342   343   422
  631    3   422   343   423
  632    3   344   423   343
  633    3   424   423   344
  634    3   344   345   424
  635    3   424   345   425
  636    3   345   346   425
  637    3   426   425   346
  638    3   346   347   426
  639    3   426   347   427
  640    3   347   348   427
  641    3   427   348   350
  642    3   348   349   350
  643    3   350   428   427
  644    3   351   428   350
  645    3   428   351   352
  646    3   352   429   428
  647    3   353   429   352
  648    3   353   697   429
  649    3   430   697   696
  650    3   431   679   694
  651    3   431   694   693
  652    3   355   692   693
  653    3   433   672   690
  654    3   433   690   689
  655    3   356   688   689
  656    3   357   434   392
  657    3   434   357   358
  658    3   358   435   434
  659    3   436   435   358
  660    3   358   359   436
  661    3   359   360   436
  662    3   437   436   360
  663    3   360   438   437
  664    3   361   438   360
  665    3   361   362   438
  666    3   439   438   362
  667    3   362   440   439
  668    3   362   363   440
  669    3   440   363   364
  670    3   440   364   365
  671    3   440   365   441
  672    3   441   365   366
  673    3   442   441   366
  674    3   442   366   367
  675    3   442   367   443
  676    3   368   443   367
  677    3   369   443   368
  678    3   369   370   443
  679    3   444   443   370
  680    3   370   445   444
  681    3   445   370   371
  682    3   372   445   371
  683    3   445   372   446
  684    3   446   372   447
  685    3   447   372   373
  686    3   373   374   447
  687    3   447   374   448
  688    3   448   374   449
  689    3   374   375   449
  690    3   376   449   375
  691    3   449   376   450
  692    3   376   451   450
  693    3   451   376   377
  694    3   377   378   451
  695    3   451   378   452
  696    3   452   378   453
  697    3   379   453   378
  698    3   453   379   380
  699    3   380   454   453
  700    3   380   455   454
  701    3   381   455   380
  702    3   455   381   382
  703    3   382   383   455
  704    3   456   455   383
  705    3   384   456   383
  706    3   456   384   457
  707    3   384   385   457
  708    3   457   385   458
  709    3   458   385   386
  710    3   386   387   458
  711    3   458   387   388
  712    3   388   459   458
  713    3   388   460   459
  714    3   388   389   460
  715    3   460   389   390
  716    3   390   461   460
  717    3   390   462   461
  718    3   390   391   462
  719    3   462   391   392
  720    3   463   462   392
  721    3   434   463   392
  722    3   464   669   686
  723    3   464   686   666
  724    3   394   683   685
  725    3   465   683   662
  726    3   466   680   682
  727    3   466   682   467
  728    3   396   467   395
  729    3   396   468   467
  730    3   397   468   396
  731    3   468   397   398
  732    3   468   398   469
  733    3   469   398   400
  734    3   399   400   398
  735    3   401   469   400
  736    3   470   469   401
  737    3   401   402   470
  738    3   471   470   402
  739    3   403   471   402
  740    3   472   471   403
  741    3   403   404   472
  742    3   473   472   404
  743    3   404   405   473
  744    3   405   474   473
  745    3   406   474   405
  746    3   475   474   406
  747    3   406   407   475
  748    3   476   475   407
  749    3   408   476   407
  750    3   477   476   408
  751    3   408   409   477
  752    3   478   477   409
  753    3   410   478   409
  754    3   479   478   410
  755    3   410   411   479
  756    3   480   479   411
  757    3   412   480   411
  758    3   481   480   412
  759    3   412   413   481
  760    3   482   481   413
  761    3   415   414   483
  762    3   484   483   414
  763    3   414   416   484
  764    3   416   485   484
  765    3   416   417   485
  766    3   417   486   485
  767    3   486   417   418
  768    3   486   418   487
  769    3   419   487   418
  770    3   488   487   419
  771    3   419   420   488
  772    3   420   489   488
  773    3   421   489   420
  774    3   490   489   421
  775    3   421   422   490
  776    3   491   490   422
  777    3   491   422   423
  778    3   492   491   423
  779    3   423   424   492
  780    3   493   492   424
  781    3   424   425   493
  782    3   425   494   493
  783    3   425   426   494
  784    3   426   495   494
  785    3   495   426   427
  786    3   495   427   428
  787    3   429   495   428
  788    3   496   495   429
  789    3   430   496   429
  790    3   430   678   496
  791    3   497   678   677
  792    3   498   660   675
  793    3   498   675   674
  794    3   499   655   673
  795    3   500   651   671
  796    3   500   671   670
  797    3   433   669   670
  798    3   434   501   463
  799    3   434   435   501
  800    3   435   502   501
  801    3   435   503   502
  802    3   503   435   436
  803    3   436   437   503
  804    3   503   437   504
  805    3   504   437   505
  806    3   438   505   437
  807    3   505   438   439
  808    3   505   439   506
  809    3   506   439   441
  810    3   441   439   440
  811    3   506   441   442
  812    3   444   506   442
  813    3   444   442   443
  814    3   444   507   506
  815    3   507   444   445
  816    3   445   446   507
  817    3   504   507   446
  818    3   504   446   508
  819    3   447   508   446
  820    3   448   508   447
  821    3   502   508   448
  822    3   502   448   509
  823    3   509   448   449
  824    3   450   509   449
  825    3   510   509   450
  826    3   450   511   510
  827    3   451   511   450
  828    3   452   511   451
  829    3   512   511   452
  830    3   452   513   512
  831    3   513   452   453
  832    3   453   454   513
  833    3   454   514   513
  834    3   456   514   454
  835    3   456   454   455
  836    3   456   457   514
  837    3   457   459   514
  838    3   458   459   457
  839    3   459   515   514
  840    3   459   460   515
  841    3   515   460   461
  842    3   461   512   515
  843    3   512   461   516
  844    3   461   462   516
  845    3   516   462   463
  846    3   463   510   516
  847    3   501   510   463
  848    3   500   668   649
  849    3   464   665   667
  850    3   518   665   664
  851    3   518   664   639
  852    3   519   661   663
  853    3   519   663   520
  854    3   467   520   466
  855    3   520   467   521
  856    3   521   467   468
  857    3   469   521   468
  858    3   469   470   521
  859    3   522   521   470
  860    3   470   471   522
  861    3   522   471   523
  862    3   523   471   472
  863    3   524   523   472
  864    3   472   473   524
  865    3   473   525   524
  866    3   474   525   473
  867    3   474   526   525
  868    3   526   474   475
  869    3   527   526   475
  870    3   527   475   476
  871    3   528   527   476
  872    3   476   477   528
  873    3   529   528   477
  874    3   529   477   478
  875    3   478   530   529
  876    3   478   479   530
  877    3   531   530   479
  878    3   479   480   531
  879    3   531   480   532
  880    3   532   480   481
  881    3   533   532   481
  882    3   481   482   533
  883    3   534   535   483
  884    3   483   484   534
  885    3   534   484   536
  886    3   484   485   536
  887    3   537   536   485
  888    3   485   486   537
  889    3   537   486   538
  890    3   538   486   487
  891    3   539   538   487
  892    3   487   488   539
  893    3   540   539   488
  894    3   488   489   540
  895    3   540   489   541
  896    3   489   490   541
  897    3   542   541   490
  898    3   490   491   542
  899    3   542   491   543
  900    3   492   543   491
  901    3   544   543   492
  902    3   492   493   544
  903    3   544   493   545
  904    3   493   494   545
  905    3   496   545   494
  906    3   494   495   496
  907    3   545   496   497
  908    3   497   659   545
  909    3   546   659   657
  910    3   546   657   658
  911    3   498   655   656
  912    3   547   653   654
  913    3   499   650   652
  914    3   500   648   651
  915    3   517   647   649
  916    3   510   501   509
  917    3   509   501   502
  918    3   502   503   508
  919    3   508   503   504
  920    3   504   505   507
  921    3   507   505   506
  922    3   516   510   511
  923    3   516   511   512
  924    3   512   513   515
  925    3   514   515   513
  926    3   549   647   634
  927    3   551   645   643
  928    3   551   643   641
  929    3   551   641   642
  930    3   552   638   640
  931    3   552   640   553
  932    3   520   553   519
  933    3   553   520   522
  934    3   521   522   520
  935    3   523   553   522
  936    3   554   553   523
  937    3   523   524   554
  938    3   555   554   524
  939    3   524   525   555
  940    3   525   556   555
  941    3   526   556   525
  942    3   557   556   526
  943    3   526   527   557
  944    3   558   557   527
  945    3   528   558   527
  946    3   559   558   528
  947    3   528   529   559
  948    3   559   529   560
  949    3   530   560   529
  950    3   561   560   530
  951    3   530   531   561
  952    3   562   561   531
  953    3   532   562   531
  954    3   563   562   532
  955    3   532   533   563
  956    3   564   563   533
  957    3   535   534   565
  958    3   566   565   534
  959    3   534   536   566
  960    3   536   567   566
  961    3   536   537   567
  962    3   537   568   567
  963    3   568   537   538
  964    3   568   538   569
  965    3   569   538   539
  966    3   570   569   539
  967    3   539   540   570
  968    3   540   571   570
  969    3   541   571   540
  970    3   572   571   541
  971    3   541   542   572
  972    3   573   572   542
  973    3   573   542   543
  974    3   543   574   573
  975    3   543   544   574
  976    3   546   574   544
  977    3   544   545   546
  978    3   546   658   574
  979    3   574   547   575
  980    3   547   654   575
  981    3   548   576   575
  982    3   548   636   576
  983    3   577   636   633
  984    3   577   633   635
  985    3   577   635   578
  986    3   578   550   579
  987    3   550   645   579
  988    3   580   579   551
  989    3   551   642   580
  990    3   580   552   554
  991    3   552   553   554
  992    3   554   555   580
  993    3   580   555   581
  994    3   556   581   555
  995    3   556   582   581
  996    3   582   556   557
  997    3   583   582   557
  998    3   583   557   558
  999    3   584   583   558
 1000    3   558   559   584
 1001    3   585   584   559
 1002    3   559   560   585
 1003    3   586   585   560
 1004    3   560   561   586
 1005    3   587   586   561
 1006    3   561   562   587
 1007    3   587   562   588
 1008    3   588   562   563
 1009    3   589   588   563
 1010    3   563   564   589
 1011    3   591   565   590
 1012    3   565   566   590
 1013    3   590   566   592
 1014    3   566   567   592
 1015    3   592   567   593
 1016    3   567   568   593
 1017    3   593   568   594
 1018    3   568   569   594
 1019    3   594   569   595
 1020    3   569   570   595
 1021    3   595   570   596
 1022    3   570   571   596
 1023    3   596   571   597
 1024    3   571   572   597
 1025    3   597   572   598
 1026    3   572   573   598
 1027    3   573   575   598
 1028    3   575   573   574
 1029    3   576   598   575
 1030    3   576   599   598
 1031    3   599   576   600
 1032    3   576   577   600
 1033    3   600   577   578
 1034    3   601   600   578
 1035    3   601   578   602
 1036    3   579   602   578
 1037    3   602   579   581
 1038    3   579   580   581
 1039    3   602   581   582
 1040    3   582   603   602
 1041    3   583   603   582
 1042    3   603   583   604
 1043    3   604   583   584
 1044    3   584   605   604
 1045    3   585   605   584
 1046    3   606   605   585
 1047    3   606   585   586
 1048    3   586   607   606
 1049    3   607   586   587
 1050    3   587   608   607
 1051    3   608   587   588
 1052    3   588   609   608
 1053    3   609   588   589
 1054    3   589   610   609
 1055    3   611   591   590
 1056    3   611   590   612
 1057    3   612   590   592
 1058    3   613   612   592
 1059    3   592   593   613
 1060    3   593   614   613
 1061    3   593   594   614
 1062    3   614   594   615
 1063    3   594   595   615
 1064    3   616   615   595
 1065    3   595   596   616
 1066    3   596   617   616
 1067    3   617   596   597
 1068    3   617   597   599
 1069    3   598   599   597
 1070    3   599   618   617
 1071    3   618   599   600
 1072    3   618   600   601
 1073    3   601   619   618
 1074    3   603   619   601
 1075    3   603   601   602
 1076    3   604   619   603
 1077    3   620   619   604
 1078    3   620   604   605
 1079    3   621   620   605
 1080    3   606   621   605
 1081    3   621   606   622
 1082    3   607   622   606
 1083    3   607   623   622
 1084    3   623   607   608
 1085    3   624   623   608
 1086    3   608   609   624
 1087    3   625   624   609
 1088    3   610   625   609
 1089    3   627   611   626
 1090    3   611   612   626
 1091    3   612   628   626
 1092    3   612   613   628
 1093    3   629   628   613
 1094    3   629   613   614
 1095    3   629   614   630
 1096    3   630   614   615
 1097    3   630   615   631
 1098    3   631   615   616
 1099    3   632   631   616
 1100    3   632   616   617
 1101    3   618   632   617
 1102    3   619   632   618
 1103    3   619   620   632
 1104    3   620   631   632
 1105    3   621   631   620
 1106    3   621   630   631
 1107    3   621   622   630
 1108    3   629   630   622
 1109    3   623   629   622
 1110    3   629   623   628
 1111    3   623   624   628
 1112    3   626   628   624
 1113    3   625   626   624
 1114    3   627   626   625
 1115    3   153   796   791
 1116    3    26   795   796
 1117    3   791   796   795
 1118    3   153   152   796
 1119    3    27   794   793
 1120    3    28   795   794
 1121    3   793   794   795
 1122    3   153   791   790
 1123    3    28   792   791
 1124    3   790   791   792
 1125    3   153   790   789
 1126    3    29   788   790
 1127    3   789   790   788
 1128    3   732   260   789
 1129    3    29   787   788
 1130    3   155   731   787
 1131    3   788   787   731
 1132    3    30   785   786
 1133    3   155   787   785
 1134    3   786   785   787
 1135    3    30   784   785
 1136    3   156   727   784
 1137    3   785   784   727
 1138    3    30   783   784
 1139    3   157   746   783
 1140    3   784   783   746
 1141    3    31   781   782
 1142    3   157   783   781
 1143    3   782   781   783
 1144    3    31   780   781
 1145    3   158   750   780
 1146    3   781   780   750
 1147    3    32   778   779
 1148    3   158   780   778
 1149    3   779   778   780
 1150    3    32   777   778
 1151    3   159   754   777
 1152    3   778   777   754
 1153    3    33   775   776
 1154    3   159   777   775
 1155    3   776   775   777
 1156    3    33   774   775
 1157    3   160   758   774
 1158    3   775   774   758
 1159    3    34   772   773
 1160    3   160   774   772
 1161    3   773   772   774
 1162    3    34   770   772
 1163    3   161   762   770
 1164    3   772   770   762
 1165    3    34   771   770
 1166    3    35   768   771
 1167    3   770   771   768
 1168    3   161   768   766
 1169    3    35   769   768
 1170    3   766   768   769
 1171    3    35   163   769
 1172    3   162   767   766
 1173    3    95   764   767
 1174    3   766   767   764
 1175    3   162   213   767
 1176    3   161   764   763
 1177    3    95   765   764
 1178    3   763   764   765
 1179    3   160   762   760
 1180    3   161   763   762
 1181    3   760   762   763
 1182    3    96   761   760
 1183    3    97   759   761
 1184    3   760   761   759
 1185    3   159   758   756
 1186    3   160   759   758
 1187    3   756   758   759
 1188    3    97   757   756
 1189    3    98   755   757
 1190    3   756   757   755
 1191    3   158   754   752
 1192    3   159   755   754
 1193    3   752   754   755
 1194    3    98   753   752
 1195    3    99   751   753
 1196    3   752   753   751
 1197    3   157   750   748
 1198    3   158   751   750
 1199    3   748   750   751
 1200    3   157   748   747
 1201    3    99   749   748
 1202    3   747   748   749
 1203    3   156   746   745
 1204    3   157   747   746
 1205    3   745   746   747
 1206    3   156   745   725
 1207    3   100   743   745
 1208    3   725   745   743
 1209    3   214   743   742
 1210    3   100   744   743
 1211    3   742   743   744
 1212    3   214   742   721
 1213    3   101   740   742
 1214    3   721   742   740
 1215    3   101   738   740
 1216    3   216   741   738
 1217    3   740   738   741
 1218    3   216   314   741
 1219    3   101   739   738
 1220    3   102   736   739
 1221    3   738   739   736
 1222    3   102   733   736
 1223    3   104   737   733
 1224    3   736   733   737
 1225    3   104   217   737
 1226    3   102   734   733
 1227    3   103   735   734
 1228    3   733   734   735
 1229    3   261   732   717
 1230    3   154   730   732
 1231    3   717   732   730
 1232    3   261   260   732
 1233    3   262   730   729
 1234    3   154   731   730
 1235    3   729   730   731
 1236    3   262   729   714
 1237    3   155   728   729
 1238    3   714   729   728
 1239    3   263   728   710
 1240    3   155   726   728
 1241    3   710   728   726
 1242    3   264   726   724
 1243    3   155   727   726
 1244    3   724   726   727
 1245    3   156   725   724
 1246    3   214   723   725
 1247    3   724   725   723
 1248    3   264   723   708
 1249    3   214   722   723
 1250    3   708   723   722
 1251    3   312   704   720
 1252    3   311   722   704
 1253    3   720   704   722
 1254    3   214   721   720
 1255    3   215   718   721
 1256    3   720   721   718
 1257    3   215   719   718
 1258    3   313   699   719
 1259    3   718   719   699
 1260    3   741   314   719
 1261    3   261   717   716
 1262    3   262   715   717
 1263    3   716   717   715
 1264    3   353   352   716
 1265    3   353   715   698
 1266    3   262   713   715
 1267    3   698   715   713
 1268    3   262   714   713
 1269    3   263   712   714
 1270    3   713   714   712
 1271    3   355   695   711
 1272    3   354   712   695
 1273    3   711   695   712
 1274    3   355   711   691
 1275    3   263   709   711
 1276    3   691   711   709
 1277    3   356   709   707
 1278    3   263   710   709
 1279    3   707   709   710
 1280    3   356   707   706
 1281    3   264   708   707
 1282    3   706   707   708
 1283    3   393   688   705
 1284    3   356   706   688
 1285    3   705   688   706
 1286    3   394   685   703
 1287    3   393   705   685
 1288    3   703   685   705
 1289    3   311   704   703
 1290    3   312   702   704
 1291    3   703   704   702
 1292    3   312   701   702
 1293    3   395   681   701
 1294    3   702   701   681
 1295    3   313   700   699
 1296    3   395   701   700
 1297    3   699   700   701
 1298    3   313   396   700
 1299    3   353   698   697
 1300    3   354   696   698
 1301    3   697   698   696
 1302    3   430   429   697
 1303    3   430   696   679
 1304    3   354   694   696
 1305    3   679   696   694
 1306    3   354   695   694
 1307    3   355   693   695
 1308    3   694   695   693
 1309    3   432   676   692
 1310    3   431   693   676
 1311    3   692   676   693
 1312    3   432   692   672
 1313    3   355   690   692
 1314    3   672   692   690
 1315    3   355   691   690
 1316    3   356   689   691
 1317    3   690   691   689
 1318    3   393   687   688
 1319    3   433   689   687
 1320    3   688   687   689
 1321    3   433   687   669
 1322    3   393   686   687
 1323    3   669   687   686
 1324    3   393   684   686
 1325    3   465   666   684
 1326    3   686   684   666
 1327    3   465   684   683
 1328    3   393   685   684
 1329    3   683   684   685
 1330    3   394   680   683
 1331    3   466   662   680
 1332    3   683   680   662
 1333    3   394   681   680
 1334    3   395   682   681
 1335    3   680   681   682
 1336    3   395   467   682
 1337    3   430   679   678
 1338    3   431   677   679
 1339    3   678   679   677
 1340    3   497   496   678
 1341    3   497   677   660
 1342    3   431   675   677
 1343    3   660   677   675
 1344    3   431   676   675
 1345    3   432   674   676
 1346    3   675   676   674
 1347    3   498   674   655
 1348    3   432   673   674
 1349    3   655   674   673
 1350    3   499   673   651
 1351    3   432   671   673
 1352    3   651   673   671
 1353    3   432   672   671
 1354    3   433   670   672
 1355    3   671   672   670
 1356    3   464   668   669
 1357    3   500   670   668
 1358    3   669   668   670
 1359    3   464   667   668
 1360    3   517   649   667
 1361    3   668   667   649
 1362    3   518   644   665
 1363    3   517   667   644
 1364    3   665   644   667
 1365    3   464   666   665
 1366    3   465   664   666
 1367    3   665   666   664
 1368    3   465   661   664
 1369    3   519   639   661
 1370    3   664   661   639
 1371    3   465   662   661
 1372    3   466   663   662
 1373    3   661   662   663
 1374    3   466   520   663
 1375    3   497   660   659
 1376    3   498   657   660
 1377    3   659   660   657
 1378    3   546   545   659
 1379    3   498   656   657
 1380    3   547   658   656
 1381    3   657   656   658
 1382    3   547   574   658
 1383    3   499   653   655
 1384    3   547   656   653
 1385    3   655   653   656
 1386    3   499   652   653
 1387    3   548   654   652
 1388    3   653   652   654
 1389    3   548   575   654
 1390    3   549   637   650
 1391    3   548   652   637
 1392    3   650   637   652
 1393    3   549   650   648
 1394    3   499   651   650
 1395    3   648   650   651
 1396    3   549   648   647
 1397    3   500   649   648
 1398    3   647   648   649
 1399    3   517   646   647
 1400    3   550   634   646
 1401    3   647   646   634
 1402    3   550   646   645
 1403    3   517   643   646
 1404    3   645   646   643
 1405    3   551   579   645
 1406    3   517   644   643
 1407    3   518   641   644
 1408    3   643   644   641
 1409    3   518   638   641
 1410    3   552   642   638
 1411    3   641   638   642
 1412    3   552   580   642
 1413    3   518   639   638
 1414    3   519   640   639
 1415    3   638   639   640
 1416    3   519   553   640
 1417    3   548   637   636
 1418    3   549   633   637
 1419    3   636   637   633
 1420    3   577   576   636
 1421    3   549   634   633
 1422    3   550   635   634
 1423    3   633   634   635
 1424    3   550   578   635
0 = Number of open boundaries
0 = Total number of open boundary nodes
2 = Number of land boundaries
168 = Total number of land boundary nodes
147 10 = Number of nodes for land boundary 1
1
2
3
4
5
6
7
8
9
10
11
12
13
14
15
16
17
18
19
20
21
22
23
24
25
26
793
27
794
28
792
29
786
30
782
31
779
32
776
33
773
34
771
35
36
37
38
39
40
41
42
43
44
45
46
47
48
49
50
51
52
53
54
55
56
57
58
59
60
61
62
63
64
65
66
67
68
69
70
71
72
73
74
75
76
77
78
79
80
81
82
83
84
85
86
87
88
89
90
91
92
93
94
95
765
96
761
97
757
98
753
99
749
100
744
101
739
102
734
103
735
104
105
106
107
108
109
110
111
112
113
114
115
116
117
118
119
120
121
122
123
124
125
126
127
128
129
21 12 = Number of nodes for land boundary 2
129
239
334
413
482
533
564
589
610
625
627
611
591
565
535
483
415
335
241
130
1
